# Matter power spectrum P(k) at redshift z=0
# for k=1.02462e-05 to 1.06981 h/Mpc,
# number of wavenumbers equal to 605
#    1:k (h/Mpc)              2:P (Mpc/h)^3        
       1.024618752284e-05       5.217754882729e+01 
       2.285396527656e-05       1.139194841053e+02 
       3.550426958221e-05       1.746068832211e+02 
       4.822970573941e-05       2.349176664601e+02 
       6.106339628454e-05       2.952075078398e+02 
       7.403926398640e-05       3.557399348842e+02 
       8.719232353213e-05       4.167404097604e+02 
       1.005589856323e-04       4.784171823414e+02 
       1.141773773035e-04       5.409716633954e+02 
       1.280876821175e-04       6.046046105736e+02 
       1.423325042208e-04       6.695204190772e+02 
       1.569572598879e-04       7.359304197812e+02 
       1.720106002473e-04       8.040556679429e+02 
       1.875448685450e-04       8.741295813988e+02 
       2.036165948176e-04       9.464003600272e+02 
       2.202870300316e-04       1.021133454775e+03 
       2.376227204837e-04       1.098614021672e+03 
       2.556961213766e-04       1.179149408516e+03 
       2.745862457772e-04       1.263071666098e+03 
       2.943793413763e-04       1.350740039741e+03 
       3.151695823064e-04       1.442543392622e+03 
       3.370597563996e-04       1.538902428489e+03 
       3.601619193749e-04       1.640271640605e+03 
       3.845979762574e-04       1.747140717302e+03 
       4.105001367699e-04       1.860035219834e+03 
       4.380111757167e-04       1.979516188666e+03 
       4.672844122798e-04       2.106178321309e+03 
       4.984833052363e-04       2.240646260307e+03 
       5.317805471014e-04       2.383568538696e+03 
       5.673565331451e-04       2.535608688434e+03 
       6.053970865584e-04       2.697433093902e+03 
       6.460903451521e-04       2.869695311413e+03 
       6.896227640644e-04       3.053016829890e+03 
       7.361742671131e-04       3.247964621233e+03 
       7.859126857422e-04       3.455026305090e+03 
       8.389877502628e-04       3.674584296796e+03 
       8.955250248813e-04       3.906890816610e+03 
       9.556202788876e-04       4.152046017246e+03 
       1.019334830977e-03       4.409981584508e+03 
       1.086692367330e-03       4.680451900322e+03 
       1.157677608154e-03       4.963034212149e+03 
       1.232236996392e-03       5.257138228438e+03 
       1.310281343008e-03       5.562024484570e+03 
       1.391690135111e-03       5.876791501730e+03 
       1.476317042650e-03       6.200513190430e+03 
       1.563996075813e-03       6.532172194896e+03 
       1.654547853204e-03       6.870715804417e+03 
       1.747785523160e-03       7.215086974233e+03 
       1.843520006759e-03       7.564247948751e+03 
       1.941564369186e-03       7.917199368796e+03 
       2.041737250992e-03       8.272994491082e+03 
       2.143865387495e-03       8.630749083337e+03 
       2.247785308725e-03       8.989647114492e+03 
       2.353344346352e-03       9.348943365991e+03 
       2.460401084583e-03       9.707963165740e+03 
       2.568825386457e-03       1.006610050997e+04 
       2.678498112078e-03       1.042281477185e+04 
       2.789310626313e-03       1.077762673450e+04 
       2.901164173824e-03       1.113011380546e+04 
       3.013969181174e-03       1.147990550795e+04 
       3.127644530065e-03       1.182667836031e+04 
       3.242116832971e-03       1.217015110413e+04 
       3.357319732307e-03       1.251008041009e+04 
       3.473193236600e-03       1.284625741589e+04 
       3.589683101413e-03       1.317850350994e+04 
       3.706740258709e-03       1.350666653328e+04 
       3.824320295499e-03       1.383061770913e+04 
       3.942382980698e-03       1.415024890980e+04 
       4.060891837938e-03       1.446547032713e+04 
       4.179813761357e-03       1.477620819109e+04 
       4.299118671030e-03       1.508240299213e+04 
       4.418779204605e-03       1.538400797401e+04 
       4.538770441734e-03       1.568098747256e+04 
       4.659069658046e-03       1.597331599774e+04 
       4.779656105616e-03       1.626097663654e+04 
       4.900510817105e-03       1.654396080327e+04 
       5.021616431010e-03       1.682226645160e+04 
       5.142957035697e-03       1.709589780140e+04 
       5.264518030124e-03       1.736486151346e+04 
       5.386285999396e-03       1.762917551450e+04 
       5.508248603478e-03       1.788885839091e+04 
       5.630394477590e-03       1.814393251999e+04 
       5.752713142972e-03       1.839442302148e+04 
       5.875194926863e-03       1.864035815120e+04 
       5.997830890650e-03       1.888176787259e+04 
       6.120612765307e-03       1.911868439655e+04 
       6.243532893292e-03       1.935114167099e+04 
       6.366584176209e-03       1.957917461405e+04 
       6.489760027612e-03       1.980281966951e+04 
       6.613054330379e-03       2.002211436673e+04 
       6.736461398189e-03       2.023709720942e+04 
       6.859975940647e-03       2.044780741769e+04 
       6.983593031688e-03       2.065428463858e+04 
       7.107308080910e-03       2.085656935388e+04 
       7.231116807538e-03       2.105470306364e+04 
       7.355015216752e-03       2.124872645758e+04 
       7.478999578137e-03       2.143868169422e+04 
       7.603066406042e-03       2.162461071272e+04 
       7.727212441668e-03       2.180655560596e+04 
       7.851434636701e-03       2.198455826483e+04 
       7.975730138353e-03       2.215866140107e+04 
       8.100096275676e-03       2.232890673295e+04 
       8.224530547013e-03       2.249533637568e+04 
       8.349030608504e-03       2.265799187960e+04 
       8.473594263523e-03       2.281691503195e+04 
       8.598219452987e-03       2.297214703874e+04 
       8.722904246428e-03       2.312372943985e+04 
       8.847646833792e-03       2.327170242014e+04 
       8.972445517875e-03       2.341610731455e+04 
       9.097298707351e-03       2.355698369392e+04 
       9.222204910340e-03       2.369437247511e+04 
       9.347162728469e-03       2.382831281522e+04 
       9.472170851382e-03       2.395884502171e+04 
       9.597228051667e-03       2.408600802975e+04 
       9.722333180155e-03       2.420984123776e+04 
       9.847485161575e-03       2.433038312143e+04 
       9.972682990521e-03       2.444767271208e+04 
       1.009792572772e-02       2.456174808664e+04 
       1.022321249655e-02       2.467264730671e+04 
       1.034854247986e-02       2.478040746686e+04 
       1.047391491694e-02       2.488506683440e+04 
       1.059932910077e-02       2.498666183959e+04 
       1.072478437544e-02       2.508522950195e+04 
       1.085028013375e-02       2.518080514523e+04 
       1.097581581498e-02       2.527342559494e+04 
       1.110139090281e-02       2.536312647091e+04 
       1.122700492341e-02       2.544994219122e+04 
       1.135265744363e-02       2.553390833029e+04 
       1.147834806932e-02       2.561505915560e+04 
       1.160407644380e-02       2.569342897939e+04 
       1.172984224640e-02       2.576905175378e+04 
       1.185564519109e-02       2.584196119317e+04 
       1.198148502529e-02       2.591219046947e+04 
       1.210736152863e-02       2.597977368912e+04 
       1.223327451192e-02       2.604474252042e+04 
       1.235922381612e-02       2.610713024085e+04 
       1.248520931142e-02       2.616696837388e+04 
       1.261123089636e-02       2.622428969560e+04 
       1.273728849702e-02       2.627912463883e+04 
       1.286338206631e-02       2.633150588666e+04 
       1.298951158322e-02       2.638146318212e+04 
       1.311567705224e-02       2.642902784327e+04 
       1.324187850277e-02       2.647422999556e+04 
       1.336811598853e-02       2.651709938652e+04 
       1.349438958712e-02       2.655766627808e+04 
       1.362069939952e-02       2.659595887760e+04 
       1.374704554973e-02       2.663200727250e+04 
       1.387342818434e-02       2.666583971538e+04 
       1.399984747220e-02       2.669748431652e+04 
       1.412630360416e-02       2.672696998159e+04 
       1.425279679273e-02       2.675432442346e+04 
       1.437932727187e-02       2.677957477641e+04 
       1.450589529677e-02       2.680274894955e+04 
       1.463250114368e-02       2.682387461001e+04 
       1.475914510972e-02       2.684297792272e+04 
       1.488582751275e-02       2.686008577666e+04 
       1.501254869131e-02       2.687522515811e+04 
       1.511476363636e-02       2.688601724457e+04 
       1.513930900447e-02       2.688842203943e+04 
       1.526610883181e-02       2.689970213992e+04 
       1.539294857337e-02       2.690909127735e+04 
       1.551982864963e-02       2.691661485480e+04 
       1.564674950151e-02       2.692229844993e+04 
       1.577371159043e-02       2.692616648500e+04 
       1.590071539829e-02       2.692824375434e+04 
       1.602776142759e-02       2.692855470740e+04 
       1.615485020149e-02       2.692712358075e+04 
       1.628198226391e-02       2.692397470677e+04 
       1.640915817966e-02       2.691913188093e+04 
       1.653637853455e-02       2.691261870360e+04 
       1.666364393559e-02       2.690445886754e+04 
       1.679095501111e-02       2.689467531424e+04 
       1.691831241100e-02       2.688329160585e+04 
       1.704571680687e-02       2.687033044809e+04 
       1.717316889231e-02       2.685581508232e+04 
       1.730066938311e-02       2.683976807005e+04 
       1.742821901751e-02       2.682221199956e+04 
       1.755581855648e-02       2.680316910736e+04 
       1.768346878403e-02       2.678266201454e+04 
       1.781117050747e-02       2.676071231068e+04 
       1.793892455778e-02       2.673734224746e+04 
       1.806673178991e-02       2.671257358218e+04 
       1.819459308317e-02       2.668642796776e+04 
       1.832250934156e-02       2.665892681886e+04 
       1.845048149420e-02       2.663009151989e+04 
       1.857851049570e-02       2.659994344481e+04 
       1.870659732663e-02       2.656850340967e+04 
       1.883474299390e-02       2.653579260516e+04 
       1.896294853126e-02       2.650183169698e+04 
       1.909121499977e-02       2.646664136840e+04 
       1.921954348829e-02       2.643024200228e+04 
       1.934793511398e-02       2.639265419710e+04 
       1.947639102284e-02       2.635389763570e+04 
       1.960491239028e-02       2.631399279989e+04 
       1.973350042166e-02       2.627295923529e+04 
       1.986215635288e-02       2.623081697827e+04 
       1.999088145102e-02       2.618758524546e+04 
       2.011967701493e-02       2.614328363383e+04 
       2.024854437592e-02       2.609793136295e+04 
       2.037748489841e-02       2.605154705855e+04 
       2.050649998060e-02       2.600415021860e+04 
       2.063559105527e-02       2.595575899599e+04 
       2.076475959042e-02       2.590639215458e+04 
       2.089400709010e-02       2.585606774392e+04 
       2.102333509519e-02       2.580480417919e+04 
       2.115274518420e-02       2.575261924459e+04 
       2.128223897410e-02       2.569953053383e+04 
       2.141181812123e-02       2.564555612891e+04 
       2.154148432215e-02       2.559071315365e+04 
       2.167123931458e-02       2.553501893783e+04 
       2.180108487835e-02       2.547849045043e+04 
       2.193102283638e-02       2.542114475281e+04 
       2.206105505571e-02       2.536299833055e+04 
       2.219118344850e-02       2.530406757728e+04 
       2.232140997315e-02       2.524436908145e+04 
       2.245173663539e-02       2.518391894705e+04 
       2.258216548944e-02       2.512273324759e+04 
       2.271269863914e-02       2.506082797749e+04 
       2.284333823926e-02       2.499821851096e+04 
       2.297408649666e-02       2.493492032364e+04 
       2.310494567166e-02       2.487094916362e+04 
       2.323591807932e-02       2.480631972374e+04 
       2.336700609089e-02       2.474104761917e+04 
       2.349821213514e-02       2.467514734699e+04 
       2.362953869992e-02       2.460863381383e+04 
       2.376098833363e-02       2.454152170494e+04 
       2.389256364680e-02       2.447382491970e+04 
       2.402426731368e-02       2.440555853720e+04 
       2.415610207396e-02       2.433673657727e+04 
       2.428807073444e-02       2.426737278276e+04 
       2.442017617086e-02       2.419748104394e+04 
       2.455242132971e-02       2.412707505514e+04 
       2.468480923012e-02       2.405616875659e+04 
       2.481734296585e-02       2.398477557813e+04 
       2.495002570731e-02       2.391290817732e+04 
       2.508286070365e-02       2.384058047907e+04 
       2.521585128494e-02       2.376780509488e+04 
       2.534900086442e-02       2.369459518971e+04 
       2.548231294077e-02       2.362096310536e+04 
       2.561579110059e-02       2.354692135724e+04 
       2.574943902079e-02       2.347248280294e+04 
       2.588326047125e-02       2.339765934683e+04 
       2.601725931742e-02       2.332246308735e+04 
       2.615143952307e-02       2.324690609626e+04 
       2.628580515318e-02       2.317099999836e+04 
       2.642036037686e-02       2.309475665402e+04 
       2.655510947042e-02       2.301818717556e+04 
       2.669005682056e-02       2.294130277151e+04 
       2.682520692759e-02       2.286411487583e+04 
       2.696056440892e-02       2.278663426319e+04 
       2.709613400253e-02       2.270887160296e+04 
       2.723192057066e-02       2.263083742850e+04 
       2.736792910361e-02       2.255254275239e+04 
       2.750416472368e-02       2.247399684029e+04 
       2.764063268925e-02       2.239521038103e+04 
       2.777733839905e-02       2.231619312298e+04 
       2.791428739660e-02       2.223695510525e+04 
       2.805148537473e-02       2.215750525720e+04 
       2.818893818042e-02       2.207785327891e+04 
       2.832665181971e-02       2.199800873043e+04 
       2.846463246286e-02       2.191798018742e+04 
       2.860288644975e-02       2.183777635630e+04 
       2.874142029540e-02       2.175740653182e+04 
       2.888024069582e-02       2.167687920265e+04 
       2.901935453404e-02       2.159620227009e+04 
       2.915876888639e-02       2.151538444115e+04 
       2.929849102911e-02       2.143443376179e+04 
       2.943852844512e-02       2.135335773367e+04 
       2.957888883119e-02       2.127216428289e+04 
       2.971958010537e-02       2.119086177736e+04 
       2.986061041472e-02       2.110945675284e+04 
       3.000198814344e-02       2.102795643835e+04 
       3.014372192129e-02       2.094636882043e+04 
       3.028582063242e-02       2.086470036882e+04 
       3.042829342461e-02       2.078295793997e+04 
       3.057114971890e-02       2.070114841209e+04 
       3.071439921964e-02       2.061927814327e+04 
       3.085805192507e-02       2.053735338120e+04 
       3.100211813836e-02       2.045538072105e+04 
       3.114660847910e-02       2.037336606406e+04 
       3.129153389548e-02       2.029131498451e+04 
       3.143690567691e-02       2.020923379732e+04 
       3.158273546730e-02       2.012712784577e+04 
       3.172903527907e-02       2.004500233937e+04 
       3.187581750769e-02       1.996286257757e+04 
       3.202309494709e-02       1.988071380238e+04 
       3.217088080574e-02       1.979856067236e+04 
       3.231918872361e-02       1.971640797058e+04 
       3.246803279000e-02       1.963426023833e+04 
       3.261742756221e-02       1.955212183348e+04 
       3.276738808531e-02       1.946999692067e+04 
       3.291792991285e-02       1.938788967929e+04 
       3.306906912873e-02       1.930580302784e+04 
       3.322082237025e-02       1.922374154564e+04 
       3.337320685239e-02       1.914170873591e+04 
       3.352624039345e-02       1.905970713698e+04 
       3.367994144214e-02       1.897774024673e+04 
       3.383432910611e-02       1.889581098597e+04 
       3.398942318222e-02       1.881392166613e+04 
       3.414524418850e-02       1.873207527545e+04 
       3.430181339795e-02       1.865027413023e+04 
       3.445915287438e-02       1.856851963423e+04 
       3.461728551035e-02       1.848681476738e+04 
       3.477623506746e-02       1.840516098292e+04 
       3.493602621899e-02       1.832355961208e+04 
       3.509668459530e-02       1.824201232596e+04 
       3.525823683202e-02       1.816052027198e+04 
       3.542071062126e-02       1.807908428796e+04 
       3.558413476612e-02       1.799770551442e+04 
       3.574853923882e-02       1.791638469125e+04 
       3.591395524252e-02       1.783512145937e+04 
       3.608041527735e-02       1.775391681873e+04 
       3.624795321088e-02       1.767277059753e+04 
       3.641660435341e-02       1.759168227317e+04 
       3.658640553842e-02       1.751065160215e+04 
       3.675739520876e-02       1.742967776798e+04 
       3.692961350892e-02       1.734875963900e+04 
       3.710310238399e-02       1.726789629392e+04 
       3.727790568581e-02       1.718708619580e+04 
       3.745406928706e-02       1.710632730304e+04 
       3.763164120394e-02       1.702561773875e+04 
       3.781067172814e-02       1.694495525450e+04 
       3.799121356917e-02       1.686433701459e+04 
       3.817332200778e-02       1.678376012813e+04 
       3.835705506172e-02       1.670322147427e+04 
       3.854247366485e-02       1.662271719248e+04 
       3.872964186116e-02       1.654224338414e+04 
       3.891862701486e-02       1.646179619089e+04 
       3.910950003845e-02       1.638137056394e+04 
       3.930233564051e-02       1.630096149114e+04 
       3.949721259517e-02       1.622056366286e+04 
       3.969421403577e-02       1.614017156596e+04 
       3.989342777515e-02       1.605977844054e+04 
       4.009494665555e-02       1.597937778504e+04 
       4.029886893150e-02       1.589896281351e+04 
       4.050529868931e-02       1.581852553921e+04 
       4.071434630751e-02       1.573805766471e+04 
       4.092612896304e-02       1.565755047582e+04 
       4.114077118862e-02       1.557699503152e+04 
       4.135840548770e-02       1.549638096462e+04 
       4.157917301400e-02       1.541569743503e+04 
       4.180322432392e-02       1.533493305182e+04 
       4.203072021132e-02       1.525407569426e+04 
       4.226183263545e-02       1.517311230367e+04 
       4.249674575465e-02       1.509202853365e+04 
       4.273565708038e-02       1.501080935634e+04 
       4.297877876844e-02       1.492943855081e+04 
       4.322633906721e-02       1.484789929289e+04 
       4.347858394571e-02       1.476617266652e+04 
       4.373577892869e-02       1.468423870994e+04 
       4.399821117043e-02       1.460207611946e+04 
       4.426619180450e-02       1.451966171841e+04 
       4.454005861416e-02       1.443697080168e+04 
       4.482017907568e-02       1.435397635782e+04 
       4.510695383771e-02       1.427064951685e+04 
       4.540082071165e-02       1.418695877063e+04 
       4.570225926342e-02       1.410286959370e+04 
       4.601179611557e-02       1.401834443666e+04 
       4.633001109177e-02       1.393334224106e+04 
       4.665754436406e-02       1.384781782946e+04 
       4.699510479921e-02       1.376172117537e+04 
       4.734347974453e-02       1.367499720702e+04 
       4.770354654989e-02       1.358758447605e+04 
       4.807628619255e-02       1.349941435475e+04 
       4.846279946114e-02       1.341041011229e+04 
       4.886432626773e-02       1.332048475962e+04 
       4.928226880117e-02       1.322953978659e+04 
       4.971821941822e-02       1.313746298203e+04 
       5.017399440278e-02       1.304412440953e+04 
       5.065167502113e-02       1.294937289391e+04 
       5.115365767765e-02       1.285303182996e+04 
       5.168271544758e-02       1.275489128219e+04 
       5.224207384476e-02       1.265470056409e+04 
       5.283550437542e-02       1.255215644824e+04 
       5.346744020893e-02       1.244688828689e+04 
       5.414311907062e-02       1.233843619938e+04 
       5.486875900224e-02       1.222622212207e+04 
       5.565177243200e-02       1.210950937077e+04 
       5.650102199688e-02       1.198734488360e+04 
       5.742711570453e-02       1.185848156503e+04 
       5.844272548905e-02       1.172126912532e+04 
       5.956288543800e-02       1.157350117192e+04 
       6.080517405655e-02       1.141221804130e+04 
       6.218959794421e-02       1.123346982598e+04 
       6.373787187108e-02       1.103208533996e+04 
       6.547167555661e-02       1.080155493804e+04 
       6.740950518277e-02       1.053428497544e+04 
       6.956219923930e-02       1.022256247293e+04 
       7.192829352014e-02       9.860484385891e+03 
       7.449155618010e-02       9.446599286674e+03 
       7.722289897182e-02       8.986171062353e+03 
       8.008644596298e-02       8.491702476693e+03 
       8.304673642706e-02       7.981198743452e+03 
       8.607379268336e-02       7.474941919398e+03 
       8.914495781796e-02       6.992133175066e+03 
       9.224439063400e-02       6.548368683514e+03 
       9.536157797332e-02       6.154264636736e+03 
       9.848977461582e-02       5.815110715633e+03 
       1.016247444675e-01       5.531251096933e+03 
       1.047638623657e-01       5.298884552618e+03 
       1.079055146711e-01       5.111036790991e+03 
       1.110487143657e-01       4.958568996598e+03 
       1.141928594427e-01       4.831162348309e+03 
       1.173375832880e-01       4.718273130555e+03 
       1.204826627799e-01       4.610049791208e+03 
       1.236279621162e-01       4.498170824489e+03 
       1.267733985823e-01       4.376522806533e+03 
       1.299189217246e-01       4.241622543005e+03 
       1.330645006941e-01       4.092710051082e+03 
       1.362101165593e-01       3.931503263475e+03 
       1.393557576376e-01       3.761665388422e+03 
       1.425014166608e-01       3.588098055496e+03 
       1.456470890541e-01       3.416184995499e+03 
       1.487927718895e-01       3.251096956825e+03 
       1.519384632504e-01       3.097237540923e+03 
       1.550841618448e-01       2.957869132611e+03 
       1.582298667695e-01       2.834922747012e+03 
       1.613755773661e-01       2.728972357190e+03 
       1.645212931329e-01       2.639341049312e+03 
       1.676670136709e-01       2.564301597760e+03 
       1.708127386499e-01       2.501336138442e+03 
       1.739584677879e-01       2.447426473490e+03 
       1.771042008374e-01       2.399352662310e+03 
       1.802499375776e-01       2.354377061368e+03 
       1.833956778080e-01       2.309601292274e+03 
       1.865414213454e-01       2.262355996736e+03 
       1.896871680206e-01       2.211063323002e+03 
       1.928329176769e-01       2.154994635592e+03 
       1.959786701683e-01       2.094270919952e+03 
       1.991244253586e-01       2.029750390499e+03 
       2.022701831206e-01       1.962823913722e+03 
       2.054159433350e-01       1.895161223754e+03 
       2.085617058898e-01       1.828465358499e+03 
       2.117074706797e-01       1.764277772950e+03 
       2.148532376058e-01       1.703853224113e+03 
       2.179990065751e-01       1.648098371091e+03 
       2.211447774995e-01       1.597554616074e+03 
       2.242905502964e-01       1.552404072757e+03 
       2.274363248874e-01       1.512487985465e+03 
       2.305821011986e-01       1.477336617350e+03 
       2.337278791601e-01       1.446218836774e+03 
       2.368736587056e-01       1.418215421905e+03 
       2.400194397727e-01       1.392314806011e+03 
       2.431652223017e-01       1.367518517199e+03 
       2.463110062363e-01       1.342939204813e+03 
       2.494567915230e-01       1.317874492740e+03 
       2.526025781110e-01       1.291848471918e+03 
       2.557483659520e-01       1.264621023553e+03 
       2.588941550000e-01       1.236173467780e+03 
       2.620399452112e-01       1.206681034111e+03 
       2.651857365442e-01       1.176476911546e+03 
       2.683315289591e-01       1.146009609873e+03 
       2.714773224181e-01       1.115792251813e+03 
       2.746231168852e-01       1.086345649468e+03 
       2.777689123259e-01       1.058138955616e+03 
       2.809147087073e-01       1.031537725187e+03 
       2.840605059980e-01       1.006770852741e+03 
       2.872063041680e-01       9.839191920734e+02 
       2.903521031885e-01       9.629274901325e+02 
       2.934979030320e-01       9.436324827425e+02 
       2.966437036723e-01       9.257955737220e+02 
       2.997895050840e-01       9.091356914153e+02 
       3.029353072431e-01       8.933533349459e+02 
       3.060811101263e-01       8.781519737259e+02 
       3.092269137115e-01       8.632545417555e+02 
       3.123727179774e-01       8.484230949218e+02 
       3.155185229034e-01       8.334759161292e+02 
       3.186643284700e-01       8.183036937076e+02 
       3.218101346582e-01       8.028752717558e+02 
       3.249559414500e-01       7.872333403723e+02 
       3.281017488279e-01       7.714786174107e+02 
       3.312475567751e-01       7.557473004219e+02 
       3.343933652754e-01       7.401890220505e+02 
       3.375391743133e-01       7.249483086511e+02 
       3.406849838740e-01       7.101530823537e+02 
       3.438307939428e-01       6.959087261150e+02 
       3.469766045061e-01       6.822936104450e+02 
       3.501224155503e-01       6.693550747951e+02 
       3.532682270626e-01       6.571055667132e+02 
       3.564140390305e-01       6.455197938104e+02 
       3.595598514421e-01       6.345365176803e+02 
       3.627056642856e-01       6.240665393381e+02 
       3.658514775500e-01       6.140053256874e+02 
       3.689972912245e-01       6.042475542675e+02 
       3.721431052985e-01       5.946997754606e+02 
       3.752889197620e-01       5.852882312810e+02 
       3.784347346052e-01       5.759609838900e+02 
       3.815805498187e-01       5.666859362708e+02 
       3.847263653935e-01       5.574475990075e+02 
       3.878721813206e-01       5.482448091927e+02 
       3.910179975915e-01       5.390898381088e+02 
       3.941638141980e-01       5.300078258805e+02 
       3.973096311320e-01       5.210347433751e+02 
       4.004554483858e-01       5.122129309046e+02 
       4.036012659520e-01       5.035845573717e+02 
       4.067470838231e-01       4.951848909986e+02 
       4.098929019923e-01       4.870375889320e+02 
       4.130387204526e-01       4.791534031815e+02 
       4.161845391974e-01       4.715321060287e+02 
       4.193303582203e-01       4.641660778310e+02 
       4.224761775150e-01       4.570435380682e+02 
       4.256219970756e-01       4.501499532458e+02 
       4.287678168960e-01       4.434676919070e+02 
       4.319136369708e-01       4.369749554709e+02 
       4.350594572942e-01       4.306457303459e+02 
       4.382052778609e-01       4.244515961773e+02 
       4.413510986657e-01       4.183652874368e+02 
       4.444969197036e-01       4.123646216444e+02 
       4.476427409695e-01       4.064351839083e+02 
       4.507885624588e-01       4.005708600121e+02 
       4.539343841667e-01       3.947721034360e+02 
       4.570802060887e-01       3.890432785168e+02 
       4.602260282205e-01       3.833903618493e+02 
       4.633718505576e-01       3.778199679904e+02 
       4.665176730961e-01       3.723396828616e+02 
       4.696634958317e-01       3.669587506202e+02 
       4.728093187605e-01       3.616879778597e+02 
       4.759551418788e-01       3.565383545269e+02 
       4.791009651827e-01       3.515186162459e+02 
       4.822467886687e-01       3.466327599977e+02 
       4.853926123331e-01       3.418788046622e+02 
       4.885384361725e-01       3.372492606394e+02 
       4.916842601836e-01       3.327332035629e+02 
       4.948300843630e-01       3.283188510006e+02 
       4.979759087075e-01       3.239956623927e+02 
       5.011217332141e-01       3.197550005652e+02 
       5.042675578797e-01       3.155897635410e+02 
       5.074133827013e-01       3.114934218803e+02 
       5.105592076761e-01       3.074595912471e+02 
       5.137050328011e-01       3.034824319891e+02 
       5.168508580737e-01       2.995578073502e+02 
       5.199966834912e-01       2.956844521006e+02 
       5.231425090510e-01       2.918642864840e+02 
       5.262883347504e-01       2.881016812273e+02 
       5.294341605870e-01       2.844016859478e+02 
       5.325799865584e-01       2.807682580862e+02 
       5.357258126621e-01       2.772031966479e+02 
       5.388716388959e-01       2.737061419809e+02 
       5.420174652575e-01       2.702755879330e+02 
       5.451632917446e-01       2.669100719600e+02 
       5.483091183552e-01       2.636089325161e+02 
       5.514549450870e-01       2.603720624620e+02 
       5.546007719380e-01       2.571990830733e+02 
       5.577465989062e-01       2.540883077037e+02 
       5.608924259896e-01       2.510364222003e+02 
       5.640382531862e-01       2.480388972562e+02 
       5.671840804943e-01       2.450911391090e+02 
       5.703299079119e-01       2.421895498676e+02 
       5.734757354372e-01       2.393321055849e+02 
       5.766215630685e-01       2.365181153091e+02 
       5.797673908040e-01       2.337474456484e+02 
       5.829132186420e-01       2.310196241125e+02 
       5.860590465810e-01       2.283333845068e+02 
       5.892048746192e-01       2.256868912055e+02 
       5.923507027550e-01       2.230785876906e+02 
       5.954965309870e-01       2.205080054880e+02 
       5.986423593136e-01       2.179759605305e+02 
       6.017881877333e-01       2.154840665362e+02 
       6.049340162447e-01       2.130338688288e+02 
       6.080798448463e-01       2.106260083734e+02 
       6.112256735367e-01       2.082598302701e+02 
       6.143715023147e-01       2.059335384430e+02 
       6.175173311787e-01       2.036450410534e+02 
       6.206631601276e-01       2.013927940376e+02 
       6.238089891600e-01       1.991760691869e+02 
       6.269548182746e-01       1.969946352419e+02 
       6.301006474703e-01       1.948482818322e+02 
       6.332464767458e-01       1.927362319594e+02 
       6.363923061000e-01       1.906568524537e+02 
       6.395381355316e-01       1.886079681324e+02 
       6.426839650396e-01       1.865877018687e+02 
       6.458297946228e-01       1.845949918036e+02 
       6.489756242801e-01       1.826296779917e+02 
       6.521214540104e-01       1.806923370859e+02 
       6.552672838127e-01       1.787836484331e+02 
       6.584131136860e-01       1.769035986286e+02 
       6.615589436293e-01       1.750514549583e+02 
       6.647047736414e-01       1.732260882835e+02 
       6.678506037216e-01       1.714263393123e+02 
       6.709964338687e-01       1.696516149029e+02 
       6.741422640819e-01       1.679021330944e+02 
       6.772880943603e-01       1.661784650528e+02 
       6.804339247029e-01       1.644809732468e+02 
       6.835797551089e-01       1.628095328144e+02 
       6.867255855773e-01       1.611631654619e+02 
       6.898714161074e-01       1.595404280177e+02 
       6.930172466982e-01       1.579400639160e+02 
       6.961630773490e-01       1.563612516137e+02 
       6.993089080589e-01       1.548038034959e+02 
       7.024547388272e-01       1.532680603075e+02 
       7.056005696531e-01       1.517541530790e+02 
       7.087464005358e-01       1.502617674071e+02 
       7.118922314745e-01       1.487901331480e+02 
       7.150380624685e-01       1.473380470803e+02 
       7.181838935170e-01       1.459045911432e+02 
       7.213297246195e-01       1.444893921753e+02 
       7.244755557751e-01       1.430925435552e+02 
       7.276213869831e-01       1.417145953491e+02 
       7.307672182430e-01       1.403558733547e+02 
       7.339130495539e-01       1.390162053118e+02 
       7.370588809154e-01       1.376949913431e+02 
       7.402047123266e-01       1.363911953915e+02 
       8.093768826456e-01       1.115922656428e+02 
       9.098004972232e-01       8.556624509847e+01 
       1.069806401504e+00       5.893885361707e+01 
