# dimensionless [l(l+1)/2pi] C_l's for tensor mode
# for l=2 to 500, i.e. number of multipoles equal to 499
#
# -> if you prefer output in CAMB/HealPix/LensPix units/order, set 'format' to 'camb' in input file
# -> if you don't want to see such a header, set 'headers' to 'no' in input file
#
# 1:l     2:TT                     3:EE                     4:TE                     5:BB                     6:phiphi                 7:TPhi                   8:Ephi               
    2       7.349064478107e-12       2.487551395659e-16       3.435927124020e-15       3.871737117300e-16       0.000000000000e+00       0.000000000000e+00       0.000000000000e+00 
    3       5.905676674960e-12       3.318541490599e-16      -7.391387218999e-15       4.588457781441e-16       0.000000000000e+00       0.000000000000e+00       0.000000000000e+00 
    4       5.454170894284e-12       3.653783027286e-16      -1.119874863813e-14       4.633082087553e-16       0.000000000000e+00       0.000000000000e+00       0.000000000000e+00 
    5       5.290668716912e-12       3.483080749660e-16      -1.191203492780e-14       4.186832752275e-16       0.000000000000e+00       0.000000000000e+00       0.000000000000e+00 
    6       5.207894065166e-12       2.974147081746e-16      -1.120152136287e-14       3.481296799010e-16       0.000000000000e+00       0.000000000000e+00       0.000000000000e+00 
    7       5.168725411543e-12       2.326447183411e-16      -9.896064308746e-15       2.715115696615e-16       0.000000000000e+00       0.000000000000e+00       0.000000000000e+00 
    8       5.154574986893e-12       1.702895718181e-16      -8.475926299905e-15       2.021392949397e-16       0.000000000000e+00       0.000000000000e+00       0.000000000000e+00 
    9       5.155134002682e-12       1.202759457190e-16      -7.192078058711e-15       1.468887662985e-16       0.000000000000e+00       0.000000000000e+00       0.000000000000e+00 
   10       5.164070191025e-12       8.639327440690e-17      -6.152814397123e-15       1.076710949978e-16       0.000000000000e+00       0.000000000000e+00       0.000000000000e+00 
   11       5.177349980353e-12       6.790770823355e-17      -5.384237993097e-15       8.333480472814e-17       0.000000000000e+00       0.000000000000e+00       0.000000000000e+00 
   12       5.192362395854e-12       6.172296824725e-17      -4.869785421151e-15       7.115826034926e-17       0.000000000000e+00       0.000000000000e+00       0.000000000000e+00 
   13       5.207331630701e-12       6.401888233634e-17      -4.576234731802e-15       6.807684756889e-17       0.000000000000e+00       0.000000000000e+00       0.000000000000e+00 
   14       5.220997788405e-12       7.145147853828e-17      -4.467276755925e-15       7.125899737435e-17       0.000000000000e+00       0.000000000000e+00       0.000000000000e+00 
   15       5.232487743933e-12       8.158008750155e-17      -4.508795052190e-15       7.847102123591e-17       0.000000000000e+00       0.000000000000e+00       0.000000000000e+00 
   16       5.241239492907e-12       9.294173171474e-17      -4.672215308965e-15       8.809871597537e-17       0.000000000000e+00       0.000000000000e+00       0.000000000000e+00 
   17       5.246928753863e-12       1.048151350574e-16      -4.934261398597e-15       9.910056165067e-17       0.000000000000e+00       0.000000000000e+00       0.000000000000e+00 
   18       5.249070135902e-12       1.169604266920e-16      -5.275524717988e-15       1.108394974803e-16       0.000000000000e+00       0.000000000000e+00       0.000000000000e+00 
   19       5.248639607594e-12       1.293669801944e-16      -5.685237776931e-15       1.230485931100e-16       0.000000000000e+00       0.000000000000e+00       0.000000000000e+00 
   20       5.244604219437e-12       1.420917837431e-16      -6.149763507824e-15       1.355386388752e-16       0.000000000000e+00       0.000000000000e+00       0.000000000000e+00 
   21       5.237632792224e-12       1.551729034103e-16      -6.662266370426e-15       1.482569845375e-16       0.000000000000e+00       0.000000000000e+00       0.000000000000e+00 
   22       5.227517703759e-12       1.686470585567e-16      -7.216084271283e-15       1.612067526907e-16       0.000000000000e+00       0.000000000000e+00       0.000000000000e+00 
   23       5.214778933109e-12       1.825000087888e-16      -7.806926155603e-15       1.743870478010e-16       0.000000000000e+00       0.000000000000e+00       0.000000000000e+00 
   24       5.199180144403e-12       1.967016382982e-16      -8.430168464124e-15       1.878018906167e-16       0.000000000000e+00       0.000000000000e+00       0.000000000000e+00 
   25       5.181157952134e-12       2.112245777568e-16      -9.082282839314e-15       2.014408299944e-16       0.000000000000e+00       0.000000000000e+00       0.000000000000e+00 
   26       5.160624481731e-12       2.260454055054e-16      -9.759567865965e-15       2.152925194164e-16       0.000000000000e+00       0.000000000000e+00       0.000000000000e+00 
   27       5.137806168926e-12       2.411542890884e-16      -1.045945305858e-14       2.293434505548e-16       0.000000000000e+00       0.000000000000e+00       0.000000000000e+00 
   28       5.112555134908e-12       2.565499771597e-16      -1.117943849474e-14       2.435829254423e-16       0.000000000000e+00       0.000000000000e+00       0.000000000000e+00 
   29       5.085395658727e-12       2.722383096231e-16      -1.191738451966e-14       2.580037535175e-16       0.000000000000e+00       0.000000000000e+00       0.000000000000e+00 
   30       5.056444953454e-12       2.882326903319e-16      -1.267096363664e-14       2.726039608408e-16       0.000000000000e+00       0.000000000000e+00       0.000000000000e+00 
   31       5.025295129868e-12       3.045497315068e-16      -1.343765096705e-14       2.873835281808e-16       0.000000000000e+00       0.000000000000e+00       0.000000000000e+00 
   32       4.992303179907e-12       3.211925641005e-16      -1.421552604752e-14       3.023298555767e-16       0.000000000000e+00       0.000000000000e+00       0.000000000000e+00 
   33       4.957648862102e-12       3.381615569885e-16      -1.500275498746e-14       3.174270584757e-16       0.000000000000e+00       0.000000000000e+00       0.000000000000e+00 
   34       4.921153604759e-12       3.554550179975e-16      -1.579746104123e-14       3.326591690960e-16       0.000000000000e+00       0.000000000000e+00       0.000000000000e+00 
   35       4.883055613801e-12       3.730564898144e-16      -1.659800854012e-14       3.480081449796e-16       0.000000000000e+00       0.000000000000e+00       0.000000000000e+00 
   36       4.843415449111e-12       3.909426346504e-16      -1.740282168543e-14       3.634551258829e-16       0.000000000000e+00       0.000000000000e+00       0.000000000000e+00 
   37       4.802064397344e-12       4.090884459891e-16      -1.821028597968e-14       3.789811804481e-16       0.000000000000e+00       0.000000000000e+00       0.000000000000e+00 
   38       4.759290525744e-12       4.274747176483e-16      -1.901865278745e-14       3.945681937313e-16       0.000000000000e+00       0.000000000000e+00       0.000000000000e+00 
   39       4.715317931744e-12       4.460827225540e-16      -1.982610741242e-14       4.101982357093e-16       0.000000000000e+00       0.000000000000e+00       0.000000000000e+00 
   40       4.670084420054e-12       4.648920543910e-16      -2.063079673896e-14       4.258533054221e-16       0.000000000000e+00       0.000000000000e+00       0.000000000000e+00 
   41       4.623381995876e-12       4.838827963742e-16      -2.143115533771e-14       4.415152981488e-16       0.000000000000e+00       0.000000000000e+00       0.000000000000e+00 
   42       4.575406017848e-12       5.030431728623e-16      -2.222700710581e-14       4.571659284955e-16       0.000000000000e+00       0.000000000000e+00       0.000000000000e+00 
   43       4.526333933062e-12       5.223641812189e-16      -2.301882529511e-14       4.727867581770e-16       0.000000000000e+00       0.000000000000e+00       0.000000000000e+00 
   44       4.476151829058e-12       5.418375485459e-16      -2.380746283543e-14       4.883591970625e-16       0.000000000000e+00       0.000000000000e+00       0.000000000000e+00 
   45       4.424757124199e-12       5.614537077549e-16      -2.459355668372e-14       5.038639356533e-16       0.000000000000e+00       0.000000000000e+00       0.000000000000e+00 
   46       4.372346875668e-12       5.811949242373e-16      -2.537547194444e-14       5.192790776278e-16       0.000000000000e+00       0.000000000000e+00       0.000000000000e+00 
   47       4.319114068056e-12       6.010401720874e-16      -2.615078396019e-14       5.345814219775e-16       0.000000000000e+00       0.000000000000e+00       0.000000000000e+00 
   48       4.265125253921e-12       6.209669312143e-16      -2.691683323496e-14       5.497469197547e-16       0.000000000000e+00       0.000000000000e+00       0.000000000000e+00 
   49       4.210309020533e-12       6.409511027754e-16      -2.767071375503e-14       5.647506264167e-16       0.000000000000e+00       0.000000000000e+00       0.000000000000e+00 
   50       4.154542267332e-12       6.609674631839e-16      -2.840954877816e-14       5.795680149771e-16       0.000000000000e+00       0.000000000000e+00       0.000000000000e+00 
   51       4.097963404183e-12       6.809913676085e-16      -2.913143354934e-14       5.941794462295e-16       0.000000000000e+00       0.000000000000e+00       0.000000000000e+00 
   52       4.040724231324e-12       7.009973626906e-16      -2.983472828650e-14       6.085668295393e-16       0.000000000000e+00       0.000000000000e+00       0.000000000000e+00 
   53       3.982892792984e-12       7.209586305671e-16      -3.051779488218e-14       6.227123840815e-16       0.000000000000e+00       0.000000000000e+00       0.000000000000e+00 
   54       3.924446446996e-12       7.408469296485e-16      -3.117899875230e-14       6.365986552230e-16       0.000000000000e+00       0.000000000000e+00       0.000000000000e+00 
   55       3.865331822833e-12       7.606345679321e-16      -3.181683553187e-14       6.502086101928e-16       0.000000000000e+00       0.000000000000e+00       0.000000000000e+00 
   56       3.805678014960e-12       7.803010326720e-16      -3.243034378344e-14       6.635259153958e-16       0.000000000000e+00       0.000000000000e+00       0.000000000000e+00 
   57       3.745624212167e-12       7.998279039292e-16      -3.301879805263e-14       6.765347566843e-16       0.000000000000e+00       0.000000000000e+00       0.000000000000e+00 
   58       3.685253219093e-12       8.191969858656e-16      -3.358159957086e-14       6.892197851530e-16       0.000000000000e+00       0.000000000000e+00       0.000000000000e+00 
   59       3.624587131889e-12       8.383903267113e-16      -3.411828296830e-14       7.015661366102e-16       0.000000000000e+00       0.000000000000e+00       0.000000000000e+00 
   60       3.563583013861e-12       8.573902387321e-16      -3.462852298691e-14       7.135594510489e-16       0.000000000000e+00       0.000000000000e+00       0.000000000000e+00 
   61       3.502184340880e-12       8.761795785866e-16      -3.511205058515e-14       7.251864552197e-16       0.000000000000e+00       0.000000000000e+00       0.000000000000e+00 
   62       3.440498614442e-12       8.947426167583e-16      -3.556836406013e-14       7.364368191043e-16       0.000000000000e+00       0.000000000000e+00       0.000000000000e+00 
   63       3.378652123565e-12       9.130643995982e-16      -3.599696470095e-14       7.473017525957e-16       0.000000000000e+00       0.000000000000e+00       0.000000000000e+00 
   64       3.316735188776e-12       9.311305338265e-16      -3.639744543724e-14       7.577735157666e-16       0.000000000000e+00       0.000000000000e+00       0.000000000000e+00 
   65       3.254799607295e-12       9.489272147630e-16      -3.676949467720e-14       7.678454562074e-16       0.000000000000e+00       0.000000000000e+00       0.000000000000e+00 
   66       3.192856098215e-12       9.664412545564e-16      -3.711290014571e-14       7.775120463640e-16       0.000000000000e+00       0.000000000000e+00       0.000000000000e+00 
   67       3.130871747692e-12       9.836601104140e-16      -3.742755272230e-14       7.867689208765e-16       0.000000000000e+00       0.000000000000e+00       0.000000000000e+00 
   68       3.068808882031e-12       1.000571739751e-15      -3.771340183076e-14       7.956123230127e-16       0.000000000000e+00       0.000000000000e+00       0.000000000000e+00 
   69       3.006756544346e-12       1.017164068456e-15      -3.797030253195e-14       8.040372302601e-16       0.000000000000e+00       0.000000000000e+00       0.000000000000e+00 
   70       2.944821191356e-12       1.033425465100e-15      -3.819814420043e-14       8.120389142603e-16       0.000000000000e+00       0.000000000000e+00       0.000000000000e+00 
   71       2.883086154158e-12       1.049344927859e-15      -3.839689878401e-14       8.196135199348e-16       0.000000000000e+00       0.000000000000e+00       0.000000000000e+00 
   72       2.821610142944e-12       1.064912108319e-15      -3.856662340271e-14       8.267580877105e-16       0.000000000000e+00       0.000000000000e+00       0.000000000000e+00 
   73       2.760425751729e-12       1.080117335277e-15      -3.870746294774e-14       8.334705757451e-16       0.000000000000e+00       0.000000000000e+00       0.000000000000e+00 
   74       2.699537963066e-12       1.094951638545e-15      -3.881965268042e-14       8.397498821528e-16       0.000000000000e+00       0.000000000000e+00       0.000000000000e+00 
   75       2.638922652769e-12       1.109406772755e-15      -3.890352083121e-14       8.455958672293e-16       0.000000000000e+00       0.000000000000e+00       0.000000000000e+00 
   76       2.578554200873e-12       1.123474461786e-15      -3.895943036900e-14       8.510086722079e-16       0.000000000000e+00       0.000000000000e+00       0.000000000000e+00 
   77       2.518497442700e-12       1.137143920388e-15      -3.898758630507e-14       8.559864829783e-16       0.000000000000e+00       0.000000000000e+00       0.000000000000e+00 
   78       2.458829846796e-12       1.150403921759e-15      -3.898819780866e-14       8.605273970551e-16       0.000000000000e+00       0.000000000000e+00       0.000000000000e+00 
   79       2.399613012324e-12       1.163243544520e-15      -3.896153724894e-14       8.646300985449e-16       0.000000000000e+00       0.000000000000e+00       0.000000000000e+00 
   80       2.340891770637e-12       1.175652180538e-15      -3.890794154667e-14       8.682938659463e-16       0.000000000000e+00       0.000000000000e+00       0.000000000000e+00 
   81       2.282693286841e-12       1.187619542741e-15      -3.882781352577e-14       8.715185799499e-16       0.000000000000e+00       0.000000000000e+00       0.000000000000e+00 
   82       2.225026161365e-12       1.199135672947e-15      -3.872162326496e-14       8.743047312388e-16       0.000000000000e+00       0.000000000000e+00       0.000000000000e+00 
   83       2.167879531531e-12       1.210190949682e-15      -3.858990944933e-14       8.766534282885e-16       0.000000000000e+00       0.000000000000e+00       0.000000000000e+00 
   84       2.111241917709e-12       1.220776434970e-15      -3.843323863837e-14       8.785663500190e-16       0.000000000000e+00       0.000000000000e+00       0.000000000000e+00 
   85       2.055163319534e-12       1.230884963633e-15      -3.825207235092e-14       8.800455776438e-16       0.000000000000e+00       0.000000000000e+00       0.000000000000e+00 
   86       1.999701814560e-12       1.240510249757e-15      -3.804688032137e-14       8.810937491168e-16       0.000000000000e+00       0.000000000000e+00       0.000000000000e+00 
   87       1.944904170704e-12       1.249646577091e-15      -3.781818125894e-14       8.817141185740e-16       0.000000000000e+00       0.000000000000e+00       0.000000000000e+00 
   88       1.890805279663e-12       1.258288812573e-15      -3.756654349201e-14       8.819105632075e-16       0.000000000000e+00       0.000000000000e+00       0.000000000000e+00 
   89       1.837427590315e-12       1.266432419844e-15      -3.729258561244e-14       8.816875901381e-16       0.000000000000e+00       0.000000000000e+00       0.000000000000e+00 
   90       1.784780542136e-12       1.274073472765e-15      -3.699697711989e-14       8.810503432895e-16       0.000000000000e+00       0.000000000000e+00       0.000000000000e+00 
   91       1.732859998605e-12       1.281208668940e-15      -3.668043906612e-14       8.800046102610e-16       0.000000000000e+00       0.000000000000e+00       0.000000000000e+00 
   92       1.681647680617e-12       1.287835343231e-15      -3.634374469934e-14       8.785568292013e-16       0.000000000000e+00       0.000000000000e+00       0.000000000000e+00 
   93       1.631127079057e-12       1.293951208996e-15      -3.598767053402e-14       8.767137557309e-16       0.000000000000e+00       0.000000000000e+00       0.000000000000e+00 
   94       1.581335160811e-12       1.299553507920e-15      -3.561283974289e-14       8.744813914781e-16       0.000000000000e+00       0.000000000000e+00       0.000000000000e+00 
   95       1.532317427963e-12       1.304639756719e-15      -3.521985629280e-14       8.718659063532e-16       0.000000000000e+00       0.000000000000e+00       0.000000000000e+00 
   96       1.484111795712e-12       1.309208017677e-15      -3.480935238476e-14       8.688739663177e-16       0.000000000000e+00       0.000000000000e+00       0.000000000000e+00 
   97       1.436748251994e-12       1.313256908423e-15      -3.438198841781e-14       8.655127355916e-16       0.000000000000e+00       0.000000000000e+00       0.000000000000e+00 
   98       1.390248517095e-12       1.316785611722e-15      -3.393845295276e-14       8.617898788596e-16       0.000000000000e+00       0.000000000000e+00       0.000000000000e+00 
   99       1.344625703271e-12       1.319793885243e-15      -3.347946267609e-14       8.577135634788e-16       0.000000000000e+00       0.000000000000e+00       0.000000000000e+00 
  100       1.299883974362e-12       1.322282071351e-15      -3.300576236371e-14       8.532924616851e-16       0.000000000000e+00       0.000000000000e+00       0.000000000000e+00 
  101       1.256018205411e-12       1.324251106880e-15      -3.251812484480e-14       8.485357528004e-16       0.000000000000e+00       0.000000000000e+00       0.000000000000e+00 
  102       1.213013642277e-12       1.325702532920e-15      -3.201735096562e-14       8.434531254393e-16       0.000000000000e+00       0.000000000000e+00       0.000000000000e+00 
  103       1.170845561258e-12       1.326638504593e-15      -3.150426955335e-14       8.380547797162e-16       0.000000000000e+00       0.000000000000e+00       0.000000000000e+00 
  104       1.129491774955e-12       1.327061521152e-15      -3.097970010900e-14       8.323509735671e-16       0.000000000000e+00       0.000000000000e+00       0.000000000000e+00 
  105       1.088972806996e-12       1.326973553687e-15      -3.044433522471e-14       8.263505871662e-16       0.000000000000e+00       0.000000000000e+00       0.000000000000e+00 
  106       1.049316535028e-12       1.326376817271e-15      -2.989884214135e-14       8.200623677942e-16       0.000000000000e+00       0.000000000000e+00       0.000000000000e+00 
  107       1.010545632275e-12       1.325274046745e-15      -2.934389816062e-14       8.134953656374e-16       0.000000000000e+00       0.000000000000e+00       0.000000000000e+00 
  108       9.726773683206e-13       1.323668503430e-15      -2.878019019931e-14       8.066589309846e-16       0.000000000000e+00       0.000000000000e+00       0.000000000000e+00 
  109       9.357234098942e-13       1.321563981830e-15      -2.820841434356e-14       7.995627114244e-16       0.000000000000e+00       0.000000000000e+00       0.000000000000e+00 
  110       8.996896216552e-13       1.318964816343e-15      -2.762927540306e-14       7.922166490423e-16       0.000000000000e+00       0.000000000000e+00       0.000000000000e+00 
  111       8.645758669769e-13       1.315875887964e-15      -2.704348646534e-14       7.846309776179e-16       0.000000000000e+00       0.000000000000e+00       0.000000000000e+00 
  112       8.303758087306e-13       1.312302630998e-15      -2.645176845002e-14       7.768162198223e-16       0.000000000000e+00       0.000000000000e+00       0.000000000000e+00 
  113       7.970767100705e-13       1.308251039763e-15      -2.585484966300e-14       7.687831844149e-16       0.000000000000e+00       0.000000000000e+00       0.000000000000e+00 
  114       7.646592352177e-13       1.303727675300e-15      -2.525346535079e-14       7.605429634411e-16       0.000000000000e+00       0.000000000000e+00       0.000000000000e+00 
  115       7.330972502445e-13       1.298739672079e-15      -2.464835725470e-14       7.521069294292e-16       0.000000000000e+00       0.000000000000e+00       0.000000000000e+00 
  116       7.023668701721e-13       1.293294420226e-15      -2.404025065908e-14       7.434863895199e-16       0.000000000000e+00       0.000000000000e+00       0.000000000000e+00 
  117       6.724752740481e-13       1.287398554037e-15      -2.342978332323e-14       7.346915061423e-16       0.000000000000e+00       0.000000000000e+00       0.000000000000e+00 
  118       6.434350354488e-13       1.281058852509e-15      -2.281756703166e-14       7.257322392384e-16       0.000000000000e+00       0.000000000000e+00       0.000000000000e+00 
  119       6.152550734546e-13       1.274282556614e-15      -2.220420868928e-14       7.166186718164e-16       0.000000000000e+00       0.000000000000e+00       0.000000000000e+00 
  120       5.879405351875e-13       1.267077373137e-15      -2.159030967663e-14       7.073610041146e-16       0.000000000000e+00       0.000000000000e+00       0.000000000000e+00 
  121       5.614926783493e-13       1.259451478517e-15      -2.097646520512e-14       6.979695477651e-16       0.000000000000e+00       0.000000000000e+00       0.000000000000e+00 
  122       5.359087537590e-13       1.251413522681e-15      -2.036326367234e-14       6.884547199579e-16       0.000000000000e+00       0.000000000000e+00       0.000000000000e+00 
  123       5.111818878907e-13       1.242972632885e-15      -1.975128601725e-14       6.788270376044e-16       0.000000000000e+00       0.000000000000e+00       0.000000000000e+00 
  124       4.873009654111e-13       1.234138417554e-15      -1.914110507549e-14       6.690971115020e-16       0.000000000000e+00       0.000000000000e+00       0.000000000000e+00 
  125       4.642505117179e-13       1.224920970118e-15      -1.853328493461e-14       6.592756404971e-16       0.000000000000e+00       0.000000000000e+00       0.000000000000e+00 
  126       4.420105754767e-13       1.215330872849e-15      -1.792838028931e-14       6.493734056498e-16       0.000000000000e+00       0.000000000000e+00       0.000000000000e+00 
  127       4.205566111595e-13       1.205379200705e-15      -1.732693579673e-14       6.394012643970e-16       0.000000000000e+00       0.000000000000e+00       0.000000000000e+00 
  128       3.998593615820e-13       1.195077525163e-15      -1.672948543168e-14       6.293701447172e-16       0.000000000000e+00       0.000000000000e+00       0.000000000000e+00 
  129       3.798919949874e-13       1.184437451767e-15      -1.613654668573e-14       6.192907451182e-16       0.000000000000e+00       0.000000000000e+00       0.000000000000e+00 
  130       3.606526510102e-13       1.173469167257e-15      -1.554860381440e-14       6.091726097885e-16       0.000000000000e+00       0.000000000000e+00       0.000000000000e+00 
  131       3.421441575664e-13       1.162182739567e-15      -1.496612152519e-14       5.990249404884e-16       0.000000000000e+00       0.000000000000e+00       0.000000000000e+00 
  132       3.243669331082e-13       1.150588570333e-15      -1.438954929405e-14       5.888568737667e-16       0.000000000000e+00       0.000000000000e+00       0.000000000000e+00 
  133       3.073189210722e-13       1.138697395392e-15      -1.381932068377e-14       5.786774730205e-16       0.000000000000e+00       0.000000000000e+00       0.000000000000e+00 
  134       2.909955243286e-13       1.126520285282e-15      -1.325585266233e-14       5.684957205533e-16       0.000000000000e+00       0.000000000000e+00       0.000000000000e+00 
  135       2.753895396291e-13       1.114068645749e-15      -1.269954492125e-14       5.583205096347e-16       0.000000000000e+00       0.000000000000e+00       0.000000000000e+00 
  136       2.604910920565e-13       1.101354218245e-15      -1.215077919394e-14       5.481606365585e-16       0.000000000000e+00       0.000000000000e+00       0.000000000000e+00 
  137       2.462875694723e-13       1.088389080428e-15      -1.160991857410e-14       5.380247927019e-16       0.000000000000e+00       0.000000000000e+00       0.000000000000e+00 
  138       2.327635569662e-13       1.075185646671e-15      -1.107730683405e-14       5.279215565845e-16       0.000000000000e+00       0.000000000000e+00       0.000000000000e+00 
  139       2.199007713043e-13       1.061756668556e-15      -1.055326774308e-14       5.178593859270e-16       0.000000000000e+00       0.000000000000e+00       0.000000000000e+00 
  140       2.076779953777e-13       1.048115235381e-15      -1.003810438584e-14       5.078466097102e-16       0.000000000000e+00       0.000000000000e+00       0.000000000000e+00 
  141       1.960710126515e-13       1.034274774659e-15      -9.532098480677e-15       4.978914202335e-16       0.000000000000e+00       0.000000000000e+00       0.000000000000e+00 
  142       1.850525416130e-13       1.020249052621e-15      -9.035509697994e-15       4.880018651743e-16       0.000000000000e+00       0.000000000000e+00       0.000000000000e+00 
  143       1.745921702206e-13       1.006052174719e-15      -8.548574978626e-15       4.781858396466e-16       0.000000000000e+00       0.000000000000e+00       0.000000000000e+00 
  144       1.646620393143e-13       9.916980228789e-16      -8.071521442101e-15       4.684509740374e-16       0.000000000000e+00       0.000000000000e+00       0.000000000000e+00 
  145       1.552546627225e-13       9.771985036852e-16      -7.604607984749e-15       4.588043018175e-16       0.000000000000e+00       0.000000000000e+00       0.000000000000e+00 
  146       1.463667475478e-13       9.625651276419e-16      -7.148086505934e-15       4.492525437332e-16       0.000000000000e+00       0.000000000000e+00       0.000000000000e+00 
  147       1.379935707347e-13       9.478095541997e-16      -6.702188088199e-15       4.398022006236e-16       0.000000000000e+00       0.000000000000e+00       0.000000000000e+00 
  148       1.301289465587e-13       9.329435890208e-16      -6.267122393725e-15       4.304595448803e-16       0.000000000000e+00       0.000000000000e+00       0.000000000000e+00 
  149       1.227651941149e-13       9.179791812434e-16      -5.843077060797e-15       4.212306119073e-16       0.000000000000e+00       0.000000000000e+00       0.000000000000e+00 
  150       1.158931048063e-13       9.029284207470e-16      -5.430217100262e-15       4.121211915812e-16       0.000000000000e+00       0.000000000000e+00       0.000000000000e+00 
  151       1.095019098330e-13       8.878035354165e-16      -5.028684291995e-15       4.031368197106e-16       0.000000000000e+00       0.000000000000e+00       0.000000000000e+00 
  152       1.035792476803e-13       8.726168884078e-16      -4.638596581360e-15       3.942827694966e-16       0.000000000000e+00       0.000000000000e+00       0.000000000000e+00 
  153       9.811113160768e-14       8.573809754119e-16      -4.260047475671e-15       3.855640429921e-16       0.000000000000e+00       0.000000000000e+00       0.000000000000e+00 
  154       9.308191713741e-14       8.421084219201e-16      -3.893105440660e-15       3.769853625619e-16       0.000000000000e+00       0.000000000000e+00       0.000000000000e+00 
  155       8.847426954311e-14       8.268119804886e-16      -3.537813296933e-15       3.685511623429e-16       0.000000000000e+00       0.000000000000e+00       0.000000000000e+00 
  156       8.426913133848e-14       8.115045280035e-16      -3.194187616436e-15       3.602655797035e-16       0.000000000000e+00       0.000000000000e+00       0.000000000000e+00 
  157       8.044568976592e-14       7.961990629452e-16      -2.862218118916e-15       3.521324467040e-16       0.000000000000e+00       0.000000000000e+00       0.000000000000e+00 
  158       7.698134428516e-14       7.809087026538e-16      -2.541867068387e-15       3.441552815558e-16       0.000000000000e+00       0.000000000000e+00       0.000000000000e+00 
  159       7.385167406196e-14       7.656466805933e-16      -2.233068669586e-15       3.363372800822e-16       0.000000000000e+00       0.000000000000e+00       0.000000000000e+00 
  160       7.103040545669e-14       7.504263436166e-16      -1.935728464443e-15       3.286813071774e-16       0.000000000000e+00       0.000000000000e+00       0.000000000000e+00 
  161       6.849358564570e-14       7.352605806256e-16      -1.649758139481e-15       3.211900955027e-16       0.000000000000e+00       0.000000000000e+00       0.000000000000e+00 
  162       6.623258650853e-14       7.201600575140e-16      -1.375184674222e-15       3.138668792484e-16       0.000000000000e+00       0.000000000000e+00       0.000000000000e+00 
  163       6.424219392839e-14       7.051348201814e-16      -1.112049736548e-15       3.067148003563e-16       0.000000000000e+00       0.000000000000e+00       0.000000000000e+00 
  164       6.251649203266e-14       6.901948437911e-16      -8.603747027698e-16       2.997366987985e-16       0.000000000000e+00       0.000000000000e+00       0.000000000000e+00 
  165       6.104885003342e-14       6.753500274189e-16      -6.201602170132e-16       2.929351049909e-16       0.000000000000e+00       0.000000000000e+00       0.000000000000e+00 
  166       5.983190906802e-14       6.606101887015e-16      -3.913857506002e-16       2.863122322061e-16       0.000000000000e+00       0.000000000000e+00       0.000000000000e+00 
  167       5.885756903955e-14       6.459850584855e-16      -1.740091614340e-16       2.798699689875e-16       0.000000000000e+00       0.000000000000e+00       0.000000000000e+00 
  168       5.811697545743e-14       6.314842754761e-16       3.203374661753e-17       2.736098715619e-16       0.000000000000e+00       0.000000000000e+00       0.000000000000e+00 
  169       5.760050627795e-14       6.171173808854e-16       2.268296643379e-16       2.675331562533e-16       0.000000000000e+00       0.000000000000e+00       0.000000000000e+00 
  170       5.729775874478e-14       6.028938130818e-16       4.104882177782e-16       2.616406918961e-16       0.000000000000e+00       0.000000000000e+00       0.000000000000e+00 
  171       5.719753622952e-14       5.888229022381e-16       5.831424088736e-16       2.559329922486e-16       0.000000000000e+00       0.000000000000e+00       0.000000000000e+00 
  172       5.728783507221e-14       5.749138649807e-16       7.449490560590e-16       2.504102084060e-16       0.000000000000e+00       0.000000000000e+00       0.000000000000e+00 
  173       5.755583142195e-14       5.611757990379e-16       8.960892348859e-16       2.450721212144e-16       0.000000000000e+00       0.000000000000e+00       0.000000000000e+00 
  174       5.798786807731e-14       5.476176778888e-16       1.036768718638e-15       2.399181336834e-16       0.000000000000e+00       0.000000000000e+00       0.000000000000e+00 
  175       5.856944132700e-14       5.342483454120e-16       1.167218418947e-15       2.349472634001e-16       0.000000000000e+00       0.000000000000e+00       0.000000000000e+00 
  176       5.928518779030e-14       5.210765105345e-16       1.287694826411e-15       2.301581349421e-16       0.000000000000e+00       0.000000000000e+00       0.000000000000e+00 
  177       6.011887125766e-14       5.081107418801e-16       1.398480451208e-15       2.255489722910e-16       0.000000000000e+00       0.000000000000e+00       0.000000000000e+00 
  178       6.105336953121e-14       4.953594624182e-16       1.499884263713e-15       2.211175912455e-16       0.000000000000e+00       0.000000000000e+00       0.000000000000e+00 
  179       6.207066126532e-14       4.828309441126e-16       1.592242135115e-15       2.168613918351e-16       0.000000000000e+00       0.000000000000e+00       0.000000000000e+00 
  180       6.315450972815e-14       4.705329696871e-16       1.675866800809e-15       2.127779318225e-16       0.000000000000e+00       0.000000000000e+00       0.000000000000e+00 
  181       6.429878013166e-14       4.584717990350e-16       1.750892382477e-15       2.088667140357e-16       0.000000000000e+00       0.000000000000e+00       0.000000000000e+00 
  182       6.549975970009e-14       4.466531101840e-16       1.817418324700e-15       2.051275268698e-16       0.000000000000e+00       0.000000000000e+00       0.000000000000e+00 
  183       6.675351695776e-14       4.350823182653e-16       1.875559014455e-15       2.015598705572e-16       0.000000000000e+00       0.000000000000e+00       0.000000000000e+00 
  184       6.805589850307e-14       4.237645689369e-16       1.925444035813e-15       1.981629517219e-16       0.000000000000e+00       0.000000000000e+00       0.000000000000e+00 
  185       6.940252578236e-14       4.127047318058e-16       1.967218424637e-15       1.949356779323e-16       0.000000000000e+00       0.000000000000e+00       0.000000000000e+00 
  186       7.078879186396e-14       4.019073938507e-16       2.001042923275e-15       1.918766522557e-16       0.000000000000e+00       0.000000000000e+00       0.000000000000e+00 
  187       7.220985821204e-14       3.913768528446e-16       2.027094235259e-15       1.889841678113e-16       0.000000000000e+00       0.000000000000e+00       0.000000000000e+00 
  188       7.366065146063e-14       3.811171107776e-16       2.045565280000e-15       1.862562023243e-16       0.000000000000e+00       0.000000000000e+00       0.000000000000e+00 
  189       7.513586018754e-14       3.711318672794e-16       2.056665447487e-15       1.836904126792e-16       0.000000000000e+00       0.000000000000e+00       0.000000000000e+00 
  190       7.662993168830e-14       3.614245130420e-16       2.060620852978e-15       1.812841294738e-16       0.000000000000e+00       0.000000000000e+00       0.000000000000e+00 
  191       7.813706875012e-14       3.519981232420e-16       2.057674591703e-15       1.790343515723e-16       0.000000000000e+00       0.000000000000e+00       0.000000000000e+00 
  192       7.965122642586e-14       3.428554509638e-16       2.048086993556e-15       1.769377406597e-16       0.000000000000e+00       0.000000000000e+00       0.000000000000e+00 
  193       8.116610880791e-14       3.339989206216e-16       2.032135877790e-15       1.749906157949e-16       0.000000000000e+00       0.000000000000e+00       0.000000000000e+00 
  194       8.267516580223e-14       3.254306213826e-16       2.010116807721e-15       1.731889479643e-16       0.000000000000e+00       0.000000000000e+00       0.000000000000e+00 
  195       8.417158990220e-14       3.171523005893e-16       1.982343345416e-15       1.715283546361e-16       0.000000000000e+00       0.000000000000e+00       0.000000000000e+00 
  196       8.564831296266e-14       3.091653571821e-16       1.949147306394e-15       1.700040943130e-16       0.000000000000e+00       0.000000000000e+00       0.000000000000e+00 
  197       8.709800297380e-14       3.014708351220e-16       1.910879014320e-15       1.686110610868e-16       0.000000000000e+00       0.000000000000e+00       0.000000000000e+00 
  198       8.851306083512e-14       2.940694168134e-16       1.867907555704e-15       1.673437791912e-16       0.000000000000e+00       0.000000000000e+00       0.000000000000e+00 
  199       8.988561712939e-14       2.869614165263e-16       1.820621034596e-15       1.661963975561e-16       0.000000000000e+00       0.000000000000e+00       0.000000000000e+00 
  200       9.120752889658e-14       2.801467738195e-16       1.769426827282e-15       1.651626843609e-16       0.000000000000e+00       0.000000000000e+00       0.000000000000e+00 
  201       9.247167408644e-14       2.736252439759e-16       1.714698659889e-15       1.642368852932e-16       0.000000000000e+00       0.000000000000e+00       0.000000000000e+00 
  202       9.367594466614e-14       2.673969981480e-16       1.656613098810e-15       1.634163779690e-16       0.000000000000e+00       0.000000000000e+00       0.000000000000e+00 
  203       9.481953285534e-14       2.614620534471e-16       1.595301858194e-15       1.626991968384e-16       0.000000000000e+00       0.000000000000e+00       0.000000000000e+00 
  204       9.590165968956e-14       2.558200738267e-16       1.530904024168e-15       1.620831836471e-16       0.000000000000e+00       0.000000000000e+00       0.000000000000e+00 
  205       9.692157562942e-14       2.504703640873e-16       1.463566152377e-15       1.615659845432e-16       0.000000000000e+00       0.000000000000e+00       0.000000000000e+00 
  206       9.787856116991e-14       2.454118638814e-16       1.393442365508e-15       1.611450471832e-16       0.000000000000e+00       0.000000000000e+00       0.000000000000e+00 
  207       9.877192744966e-14       2.406431417180e-16       1.320694450824e-15       1.608176178384e-16       0.000000000000e+00       0.000000000000e+00       0.000000000000e+00 
  208       9.960101686019e-14       2.361623889684e-16       1.245491957691e-15       1.605807385014e-16       0.000000000000e+00       0.000000000000e+00       0.000000000000e+00 
  209       1.003652036552e-13       2.319674138699e-16       1.168012295111e-15       1.604312439922e-16       0.000000000000e+00       0.000000000000e+00       0.000000000000e+00 
  210       1.010638945597e-13       2.280556355317e-16       1.088440829253e-15       1.603657590651e-16       0.000000000000e+00       0.000000000000e+00       0.000000000000e+00 
  211       1.016965293795e-13       2.244240779394e-16       1.006970980981e-15       1.603806955141e-16       0.000000000000e+00       0.000000000000e+00       0.000000000000e+00 
  212       1.022625816104e-13       2.210693639599e-16       9.238043233877e-16       1.604722492802e-16       0.000000000000e+00       0.000000000000e+00       0.000000000000e+00 
  213       1.027615590472e-13       2.179877093462e-16       8.391506793211e-16       1.606363975572e-16       0.000000000000e+00       0.000000000000e+00       0.000000000000e+00 
  214       1.031930043934e-13       2.151749167425e-16       7.532282189183e-16       1.608688958981e-16       0.000000000000e+00       0.000000000000e+00       0.000000000000e+00 
  215       1.035564958700e-13       2.126263696893e-16       6.662635571344e-16       1.611652753216e-16       0.000000000000e+00       0.000000000000e+00       0.000000000000e+00 
  216       1.038516478252e-13       2.103370266276e-16       5.784918512733e-16       1.615208394185e-16       0.000000000000e+00       0.000000000000e+00       0.000000000000e+00 
  217       1.040781113434e-13       2.083014149045e-16       4.901568985182e-16       1.619306614578e-16       0.000000000000e+00       0.000000000000e+00       0.000000000000e+00 
  218       1.042355748544e-13       2.065136247779e-16       4.015112334621e-16       1.623895814929e-16       0.000000000000e+00       0.000000000000e+00       0.000000000000e+00 
  219       1.043237647429e-13       2.049673034212e-16       3.128162256382e-16       1.628922034688e-16       0.000000000000e+00       0.000000000000e+00       0.000000000000e+00 
  220       1.043424459576e-13       2.036556489282e-16       2.243421770504e-16       1.634328923273e-16       0.000000000000e+00       0.000000000000e+00       0.000000000000e+00 
  221       1.042914226206e-13       2.025714043186e-16       1.363684197040e-16       1.640057711141e-16       0.000000000000e+00       0.000000000000e+00       0.000000000000e+00 
  222       1.041705386363e-13       2.017068515420e-16       4.918341313567e-17       1.646047180850e-16       0.000000000000e+00       0.000000000000e+00       0.000000000000e+00 
  223       1.039796783013e-13       2.010538054835e-16      -3.691515805552e-17       1.652233638122e-16       0.000000000000e+00       0.000000000000e+00       0.000000000000e+00 
  224       1.037189534358e-13       2.006045419566e-16      -1.216624573097e-16       1.658559806024e-16       0.000000000000e+00       0.000000000000e+00       0.000000000000e+00 
  225       1.033892768849e-13       2.003546603875e-16      -2.049559226591e-16       1.665002202754e-16       0.000000000000e+00       0.000000000000e+00       0.000000000000e+00 
  226       1.029918270745e-13       2.003003936031e-16      -2.867339738137e-16       1.671545468297e-16       0.000000000000e+00       0.000000000000e+00       0.000000000000e+00 
  227       1.025278658502e-13       2.004376866391e-16      -3.669345924323e-16       1.678173591898e-16       0.000000000000e+00       0.000000000000e+00       0.000000000000e+00 
  228       1.019987395307e-13       2.007621929684e-16      -4.454953249982e-16       1.684869904370e-16       0.000000000000e+00       0.000000000000e+00       0.000000000000e+00 
  229       1.014058799613e-13       2.012692707298e-16      -5.223532856946e-16       1.691617070401e-16       0.000000000000e+00       0.000000000000e+00       0.000000000000e+00 
  230       1.007508055673e-13       2.019539789565e-16      -5.974451592811e-16       1.698397080863e-16       0.000000000000e+00       0.000000000000e+00       0.000000000000e+00 
  231       1.000351224071e-13       2.028110738052e-16      -6.707072039687e-16       1.705191245124e-16       0.000000000000e+00       0.000000000000e+00       0.000000000000e+00 
  232       9.926052522575e-14       2.038350047845e-16      -7.420752542962e-16       1.711980183354e-16       0.000000000000e+00       0.000000000000e+00       0.000000000000e+00 
  233       9.842879850834e-14       2.050199109835e-16      -8.114847240058e-16       1.718743818835e-16       0.000000000000e+00       0.000000000000e+00       0.000000000000e+00 
  234       9.754181753329e-14       2.063596173008e-16      -8.788706089186e-16       1.725461370272e-16       0.000000000000e+00       0.000000000000e+00       0.000000000000e+00 
  235       9.660154942572e-14       2.078476306729e-16      -9.441674898109e-16       1.732111344098e-16       0.000000000000e+00       0.000000000000e+00       0.000000000000e+00 
  236       9.561005421085e-14       2.094771363031e-16      -1.007309535290e-15       1.738671526785e-16       0.000000000000e+00       0.000000000000e+00       0.000000000000e+00 
  237       9.456948586734e-14       2.112409938899e-16      -1.068230504668e-15       1.745118977154e-16       0.000000000000e+00       0.000000000000e+00       0.000000000000e+00 
  238       9.348209338066e-14       2.131317338560e-16      -1.126863750842e-15       1.751430018682e-16       0.000000000000e+00       0.000000000000e+00       0.000000000000e+00 
  239       9.235022179643e-14       2.151415535767e-16      -1.183142223165e-15       1.757580231813e-16       0.000000000000e+00       0.000000000000e+00       0.000000000000e+00 
  240       9.117631327385e-14       2.172623136089e-16      -1.236998470325e-15       1.763544446264e-16       0.000000000000e+00       0.000000000000e+00       0.000000000000e+00 
  241       8.996290813898e-14       2.194855339196e-16      -1.288364643218e-15       1.769296733338e-16       0.000000000000e+00       0.000000000000e+00       0.000000000000e+00 
  242       8.871264593817e-14       2.218023901143e-16      -1.337172497829e-15       1.774810398229e-16       0.000000000000e+00       0.000000000000e+00       0.000000000000e+00 
  243       8.742826649141e-14       2.242037096663e-16      -1.383353398100e-15       1.780057972335e-16       0.000000000000e+00       0.000000000000e+00       0.000000000000e+00 
  244       8.611261094564e-14       2.266799681450e-16      -1.426838318813e-15       1.785011205562e-16       0.000000000000e+00       0.000000000000e+00       0.000000000000e+00 
  245       8.476862282822e-14       2.292212854445e-16      -1.467557848461e-15       1.789641058638e-16       0.000000000000e+00       0.000000000000e+00       0.000000000000e+00 
  246       8.339934910019e-14       2.318174220125e-16      -1.505442192127e-15       1.793917695419e-16       0.000000000000e+00       0.000000000000e+00       0.000000000000e+00 
  247       8.200794120969e-14       2.344577750789e-16      -1.540421174356e-15       1.797810475198e-16       0.000000000000e+00       0.000000000000e+00       0.000000000000e+00 
  248       8.059765614531e-14       2.371313748846e-16      -1.572424242037e-15       1.801287945015e-16       0.000000000000e+00       0.000000000000e+00       0.000000000000e+00 
  249       7.917185748947e-14       2.398268809100e-16      -1.601380467272e-15       1.804317831967e-16       0.000000000000e+00       0.000000000000e+00       0.000000000000e+00 
  250       7.773361619186e-14       2.425340343124e-16      -1.627234586767e-15       1.806872734013e-16       0.000000000000e+00       0.000000000000e+00       0.000000000000e+00 
  251       7.628448516523e-14       2.452481159784e-16      -1.649996140585e-15       1.808947572495e-16       0.000000000000e+00       0.000000000000e+00       0.000000000000e+00 
  252       7.482565600261e-14       2.479657384745e-16      -1.669693175370e-15       1.810543132075e-16       0.000000000000e+00       0.000000000000e+00       0.000000000000e+00 
  253       7.335835317889e-14       2.506834120128e-16      -1.686356496430e-15       1.811660456076e-16       0.000000000000e+00       0.000000000000e+00       0.000000000000e+00 
  254       7.188383433874e-14       2.533975434635e-16      -1.700019701282e-15       1.812300849689e-16       0.000000000000e+00       0.000000000000e+00       0.000000000000e+00 
  255       7.040339058446e-14       2.561044353689e-16      -1.710719213190e-15       1.812465883175e-16       0.000000000000e+00       0.000000000000e+00       0.000000000000e+00 
  256       6.891834676389e-14       2.588002849570e-16      -1.718494314714e-15       1.812157395079e-16       0.000000000000e+00       0.000000000000e+00       0.000000000000e+00 
  257       6.743006175829e-14       2.614811831544e-16      -1.723387181251e-15       1.811377495428e-16       0.000000000000e+00       0.000000000000e+00       0.000000000000e+00 
  258       6.593992877023e-14       2.641431136004e-16      -1.725442914576e-15       1.810128568944e-16       0.000000000000e+00       0.000000000000e+00       0.000000000000e+00 
  259       6.444937561150e-14       2.667819516601e-16      -1.724709576389e-15       1.808413278248e-16       0.000000000000e+00       0.000000000000e+00       0.000000000000e+00 
  260       6.295986499095e-14       2.693934634377e-16      -1.721238221856e-15       1.806234567065e-16       0.000000000000e+00       0.000000000000e+00       0.000000000000e+00 
  261       6.147289480245e-14       2.719733047906e-16      -1.715082933152e-15       1.803595663435e-16       0.000000000000e+00       0.000000000000e+00       0.000000000000e+00 
  262       5.998999841270e-14       2.745170203421e-16      -1.706300853007e-15       1.800500082914e-16       0.000000000000e+00       0.000000000000e+00       0.000000000000e+00 
  263       5.851274494918e-14       2.770200424955e-16      -1.694952218243e-15       1.796951631784e-16       0.000000000000e+00       0.000000000000e+00       0.000000000000e+00 
  264       5.704273958800e-14       2.794776904471e-16      -1.681100393327e-15       1.792954410260e-16       0.000000000000e+00       0.000000000000e+00       0.000000000000e+00 
  265       5.558162384183e-14       2.818851692000e-16      -1.664811903903e-15       1.788512815693e-16       0.000000000000e+00       0.000000000000e+00       0.000000000000e+00 
  266       5.413107584773e-14       2.842375685774e-16      -1.646156470344e-15       1.783631545780e-16       0.000000000000e+00       0.000000000000e+00       0.000000000000e+00 
  267       5.269281065509e-14       2.865298622360e-16      -1.625207041292e-15       1.778315601769e-16       0.000000000000e+00       0.000000000000e+00       0.000000000000e+00 
  268       5.126858051351e-14       2.887569066797e-16      -1.602039827199e-15       1.772570291666e-16       0.000000000000e+00       0.000000000000e+00       0.000000000000e+00 
  269       4.986017516067e-14       2.909134402729e-16      -1.576734333876e-15       1.766401233441e-16       0.000000000000e+00       0.000000000000e+00       0.000000000000e+00 
  270       4.846942211023e-14       2.929940822538e-16      -1.549373396029e-15       1.759814358233e-16       0.000000000000e+00       0.000000000000e+00       0.000000000000e+00 
  271       4.709818693972e-14       2.949933317484e-16      -1.520043210808e-15       1.752815913561e-16       0.000000000000e+00       0.000000000000e+00       0.000000000000e+00 
  272       4.574837357842e-14       2.969055667832e-16      -1.488833371347e-15       1.745412466526e-16       0.000000000000e+00       0.000000000000e+00       0.000000000000e+00 
  273       4.442192459527e-14       2.987250432995e-16      -1.455836900310e-15       1.737610907019e-16       0.000000000000e+00       0.000000000000e+00       0.000000000000e+00 
  274       4.312082148673e-14       3.004458941661e-16      -1.421150283430e-15       1.729418450929e-16       0.000000000000e+00       0.000000000000e+00       0.000000000000e+00 
  275       4.184708496469e-14       3.020621281934e-16      -1.384873503058e-15       1.720842643347e-16       0.000000000000e+00       0.000000000000e+00       0.000000000000e+00 
  276       4.060277524436e-14       3.035676291465e-16      -1.347110071700e-15       1.711891361775e-16       0.000000000000e+00       0.000000000000e+00       0.000000000000e+00 
  277       3.938999233213e-14       3.049561547585e-16      -1.307967065565e-15       1.702572819329e-16       0.000000000000e+00       0.000000000000e+00       0.000000000000e+00 
  278       3.821087631350e-14       3.062213357446e-16      -1.267555158105e-15       1.692895567950e-16       0.000000000000e+00       0.000000000000e+00       0.000000000000e+00 
  279       3.706724450264e-14       3.073578302947e-16      -1.225977255935e-15       1.682868578873e-16       0.000000000000e+00       0.000000000000e+00       0.000000000000e+00 
  280       3.595948149026e-14       3.083648557904e-16      -1.183293685873e-15       1.672501482064e-16       0.000000000000e+00       0.000000000000e+00       0.000000000000e+00 
  281       3.488759215137e-14       3.092428381401e-16      -1.139555269631e-15       1.661804345435e-16       0.000000000000e+00       0.000000000000e+00       0.000000000000e+00 
  282       3.385155933528e-14       3.099922735648e-16      -1.094814574946e-15       1.650787602006e-16       0.000000000000e+00       0.000000000000e+00       0.000000000000e+00 
  283       3.285134359569e-14       3.106137293867e-16      -1.049125931613e-15       1.639462053232e-16       0.000000000000e+00       0.000000000000e+00       0.000000000000e+00 
  284       3.188688292071e-14       3.111078448174e-16      -1.002545447525e-15       1.627838872324e-16       0.000000000000e+00       0.000000000000e+00       0.000000000000e+00 
  285       3.095809246300e-14       3.114753317466e-16      -9.551310247034e-16       1.615929607577e-16       0.000000000000e+00       0.000000000000e+00       0.000000000000e+00 
  286       3.006486426977e-14       3.117169755298e-16      -9.069423753371e-16       1.603746185696e-16       0.000000000000e+00       0.000000000000e+00       0.000000000000e+00 
  287       2.920706701292e-14       3.118336357776e-16      -8.580410378153e-16       1.591300915119e-16       0.000000000000e+00       0.000000000000e+00       0.000000000000e+00 
  288       2.838454571906e-14       3.118262471436e-16      -8.084903927637e-16       1.578606489344e-16       0.000000000000e+00       0.000000000000e+00       0.000000000000e+00 
  289       2.759712149963e-14       3.116958201127e-16      -7.583556790803e-16       1.565675990250e-16       0.000000000000e+00       0.000000000000e+00       0.000000000000e+00 
  290       2.684459128093e-14       3.114434417897e-16      -7.077040099703e-16       1.552522891430e-16       0.000000000000e+00       0.000000000000e+00       0.000000000000e+00 
  291       2.612672753421e-14       3.110702766877e-16      -6.566043889813e-16       1.539161061509e-16       0.000000000000e+00       0.000000000000e+00       0.000000000000e+00 
  292       2.544327800575e-14       3.105775675166e-16      -6.051277260392e-16       1.525604767473e-16       0.000000000000e+00       0.000000000000e+00       0.000000000000e+00 
  293       2.479396544694e-14       3.099666359709e-16      -5.533468534830e-16       1.511868677991e-16       0.000000000000e+00       0.000000000000e+00       0.000000000000e+00 
  294       2.417848734431e-14       3.092388835191e-16      -5.013365421004e-16       1.497967866746e-16       0.000000000000e+00       0.000000000000e+00       0.000000000000e+00 
  295       2.359651564965e-14       3.083957921912e-16      -4.491735171631e-16       1.483917815752e-16       0.000000000000e+00       0.000000000000e+00       0.000000000000e+00 
  296       2.304769651007e-14       3.074389253673e-16      -3.969364744622e-16       1.469734418686e-16       0.000000000000e+00       0.000000000000e+00       0.000000000000e+00 
  297       2.253164999806e-14       3.063699285666e-16      -3.447060963436e-16       1.455433984212e-16       0.000000000000e+00       0.000000000000e+00       0.000000000000e+00 
  298       2.204796984157e-14       3.051905302349e-16      -2.925650677430e-16       1.441033239303e-16       0.000000000000e+00       0.000000000000e+00       0.000000000000e+00 
  299       2.159622315407e-14       3.039025425335e-16      -2.405980922217e-16       1.426549332568e-16       0.000000000000e+00       0.000000000000e+00       0.000000000000e+00 
  300       2.117595016466e-14       3.025078621277e-16      -1.888919080018e-16       1.411999837579e-16       0.000000000000e+00       0.000000000000e+00       0.000000000000e+00 
  301       2.078666394810e-14       3.010084709748e-16      -1.375353040013e-16       1.397402756193e-16       0.000000000000e+00       0.000000000000e+00       0.000000000000e+00 
  302       2.042785015491e-14       2.994064371129e-16      -8.661913586978e-17       1.382776521881e-16       0.000000000000e+00       0.000000000000e+00       0.000000000000e+00 
  303       2.009896674144e-14       2.977039154490e-16      -3.623634202356e-17       1.368140003048e-16       0.000000000000e+00       0.000000000000e+00       0.000000000000e+00 
  304       1.979944369992e-14       2.959031485473e-16       1.351804031888e-17       1.353512506363e-16       0.000000000000e+00       0.000000000000e+00       0.000000000000e+00 
  305       1.952868278856e-14       2.940064674182e-16       6.254685910158e-17       1.338913780083e-16       0.000000000000e+00       0.000000000000e+00       0.000000000000e+00 
  306       1.928605726161e-14       2.920162923060e-16       1.107508313957e-16       1.324364017375e-16       0.000000000000e+00       0.000000000000e+00       0.000000000000e+00 
  307       1.907091159943e-14       2.899351334778e-16       1.580285273644e-16       1.309883859645e-16       0.000000000000e+00       0.000000000000e+00       0.000000000000e+00 
  308       1.888256123858e-14       2.877655920113e-16       2.042763542270e-16       1.295494399864e-16       0.000000000000e+00       0.000000000000e+00       0.000000000000e+00 
  309       1.872029230187e-14       2.855103605840e-16       2.493885402243e-16       1.281217185888e-16       0.000000000000e+00       0.000000000000e+00       0.000000000000e+00 
  310       1.858336132844e-14       2.831722242610e-16       2.932571185825e-16       1.267074223787e-16       0.000000000000e+00       0.000000000000e+00       0.000000000000e+00 
  311       1.847099500384e-14       2.807540612835e-16       3.357719114786e-16       1.253087981171e-16       0.000000000000e+00       0.000000000000e+00       0.000000000000e+00 
  312       1.838244321976e-14       2.782587526397e-16       3.768390657503e-16       1.239278138069e-16       0.000000000000e+00       0.000000000000e+00       0.000000000000e+00 
  313       1.831714152783e-14       2.756889045227e-16       4.164376434709e-16       1.225651666129e-16       0.000000000000e+00       0.000000000000e+00       0.000000000000e+00 
  314       1.827455569631e-14       2.730471145346e-16       4.545656258338e-16       1.212212295594e-16       0.000000000000e+00       0.000000000000e+00       0.000000000000e+00 
  315       1.825412885646e-14       2.703360624169e-16       4.912216048717e-16       1.198963725576e-16       0.000000000000e+00       0.000000000000e+00       0.000000000000e+00 
  316       1.825528129813e-14       2.675585107270e-16       5.264047902170e-16       1.185909623382e-16       0.000000000000e+00       0.000000000000e+00       0.000000000000e+00 
  317       1.827741026540e-14       2.647173055140e-16       5.601150158630e-16       1.173053623844e-16       0.000000000000e+00       0.000000000000e+00       0.000000000000e+00 
  318       1.831988975216e-14       2.618153769953e-16       5.923527469255e-16       1.160399328648e-16       0.000000000000e+00       0.000000000000e+00       0.000000000000e+00 
  319       1.838207029770e-14       2.588557402331e-16       6.231190864031e-16       1.147950305663e-16       0.000000000000e+00       0.000000000000e+00       0.000000000000e+00 
  320       1.846327878236e-14       2.558414958102e-16       6.524157819388e-16       1.135710088269e-16       0.000000000000e+00       0.000000000000e+00       0.000000000000e+00 
  321       1.856281822309e-14       2.527758305068e-16       6.802452325813e-16       1.123682174685e-16       0.000000000000e+00       0.000000000000e+00       0.000000000000e+00 
  322       1.867996756908e-14       2.496620179765e-16       7.066104955455e-16       1.111870027296e-16       0.000000000000e+00       0.000000000000e+00       0.000000000000e+00 
  323       1.881398149734e-14       2.465034194228e-16       7.315152929739e-16       1.100277071987e-16       0.000000000000e+00       0.000000000000e+00       0.000000000000e+00 
  324       1.896409020836e-14       2.433034842751e-16       7.549640186977e-16       1.088906697467e-16       0.000000000000e+00       0.000000000000e+00       0.000000000000e+00 
  325       1.912949922163e-14       2.400657508656e-16       7.769617449982e-16       1.077762254597e-16       0.000000000000e+00       0.000000000000e+00       0.000000000000e+00 
  326       1.930938917131e-14       2.367938471048e-16       7.975142293671e-16       1.066847055723e-16       0.000000000000e+00       0.000000000000e+00       0.000000000000e+00 
  327       1.950291560182e-14       2.334914911586e-16       8.166279212684e-16       1.056164374000e-16       0.000000000000e+00       0.000000000000e+00       0.000000000000e+00 
  328       1.970920876343e-14       2.301624921240e-16       8.343099688991e-16       1.045717442723e-16       0.000000000000e+00       0.000000000000e+00       0.000000000000e+00 
  329       1.992737340787e-14       2.268107507058e-16       8.505682259503e-16       1.035509454656e-16       0.000000000000e+00       0.000000000000e+00       0.000000000000e+00 
  330       2.015648858395e-14       2.234402598928e-16       8.654112583686e-16       1.025543561359e-16       0.000000000000e+00       0.000000000000e+00       0.000000000000e+00 
  331       2.039560743313e-14       2.200551056337e-16       8.788483511166e-16       1.015822872516e-16       0.000000000000e+00       0.000000000000e+00       0.000000000000e+00 
  332       2.064375698516e-14       2.166594675144e-16       8.908895149348e-16       1.006350455267e-16       0.000000000000e+00       0.000000000000e+00       0.000000000000e+00 
  333       2.089993795367e-14       2.132576194331e-16       9.015454931018e-16       9.971293335320e-17       0.000000000000e+00       0.000000000000e+00       0.000000000000e+00 
  334       2.116312453177e-14       2.098539302775e-16       9.108277681961e-16       9.881624873444e-17       0.000000000000e+00       0.000000000000e+00       0.000000000000e+00 
  335       2.143226418766e-14       2.064528646007e-16       9.187485688571e-16       9.794528521755e-17       0.000000000000e+00       0.000000000000e+00       0.000000000000e+00 
  336       2.170627746024e-14       2.030589832976e-16       9.253208765458e-16       9.710033182652e-17       0.000000000000e+00       0.000000000000e+00       0.000000000000e+00 
  337       2.198405775470e-14       1.996769442814e-16       9.305584323061e-16       9.628167299500e-17       0.000000000000e+00       0.000000000000e+00       0.000000000000e+00 
  338       2.226447113813e-14       1.963115031594e-16       9.344757435262e-16       9.548958849918e-17       0.000000000000e+00       0.000000000000e+00       0.000000000000e+00 
  339       2.254635613513e-14       1.929675139099e-16       9.370880906993e-16       9.472435339063e-17       0.000000000000e+00       0.000000000000e+00       0.000000000000e+00 
  340       2.282852352341e-14       1.896499295580e-16       9.384115341848e-16       9.398623792914e-17       0.000000000000e+00       0.000000000000e+00       0.000000000000e+00 
  341       2.310975612940e-14       1.863638028523e-16       9.384629209695e-16       9.327550751563e-17       0.000000000000e+00       0.000000000000e+00       0.000000000000e+00 
  342       2.338880862383e-14       1.831142869411e-16       9.372598914285e-16       9.259242262497e-17       0.000000000000e+00       0.000000000000e+00       0.000000000000e+00 
  343       2.366440731739e-14       1.799066360484e-16       9.348208860866e-16       9.193723873883e-17       0.000000000000e+00       0.000000000000e+00       0.000000000000e+00 
  344       2.393524995626e-14       1.767462061509e-16       9.311651523792e-16       9.131020627856e-17       0.000000000000e+00       0.000000000000e+00       0.000000000000e+00 
  345       2.420000551777e-14       1.736384556533e-16       9.263127514131e-16       9.071157053806e-17       0.000000000000e+00       0.000000000000e+00       0.000000000000e+00 
  346       2.445731400600e-14       1.705889460657e-16       9.202845647284e-16       9.014157161658e-17       0.000000000000e+00       0.000000000000e+00       0.000000000000e+00 
  347       2.470578624734e-14       1.676033426791e-16       9.131023010588e-16       8.960044435166e-17       0.000000000000e+00       0.000000000000e+00       0.000000000000e+00 
  348       2.494400368615e-14       1.646874152420e-16       9.047885030931e-16       8.908841825190e-17       0.000000000000e+00       0.000000000000e+00       0.000000000000e+00 
  349       2.517075983372e-14       1.618461064885e-16       8.953671794979e-16       8.860560663341e-17       0.000000000000e+00       0.000000000000e+00       0.000000000000e+00 
  350       2.538579610272e-14       1.590806936346e-16       8.848657161297e-16       8.815166908361e-17       0.000000000000e+00       0.000000000000e+00       0.000000000000e+00 
  351       2.558909613713e-14       1.563915103022e-16       8.733130574513e-16       8.772613484553e-17       0.000000000000e+00       0.000000000000e+00       0.000000000000e+00 
  352       2.578064694964e-14       1.537788677902e-16       8.607390957804e-16       8.732851217387e-17       0.000000000000e+00       0.000000000000e+00       0.000000000000e+00 
  353       2.596043895469e-14       1.512430548348e-16       8.471746786656e-16       8.695828815897e-17       0.000000000000e+00       0.000000000000e+00       0.000000000000e+00 
  354       2.612846600141e-14       1.487843373704e-16       8.326516162612e-16       8.661492855090e-17       0.000000000000e+00       0.000000000000e+00       0.000000000000e+00 
  355       2.628472540669e-14       1.464029582897e-16       8.172026887029e-16       8.629787758340e-17       0.000000000000e+00       0.000000000000e+00       0.000000000000e+00 
  356       2.642921798815e-14       1.440991372050e-16       8.008616534832e-16       8.600655779793e-17       0.000000000000e+00       0.000000000000e+00       0.000000000000e+00 
  357       2.656194809715e-14       1.418730702080e-16       7.836632528263e-16       8.574036986766e-17       0.000000000000e+00       0.000000000000e+00       0.000000000000e+00 
  358       2.668292365179e-14       1.397249296308e-16       7.656432210641e-16       8.549869242151e-17       0.000000000000e+00       0.000000000000e+00       0.000000000000e+00 
  359       2.679215616992e-14       1.376548638063e-16       7.468382920111e-16       8.528088186813e-17       0.000000000000e+00       0.000000000000e+00       0.000000000000e+00 
  360       2.688966080216e-14       1.356629968289e-16       7.272862063396e-16       8.508627221993e-17       0.000000000000e+00       0.000000000000e+00       0.000000000000e+00 
  361       2.697545636487e-14       1.337494283151e-16       7.070257189557e-16       8.491417491708e-17       0.000000000000e+00       0.000000000000e+00       0.000000000000e+00 
  362       2.704956537318e-14       1.319142331636e-16       6.860966063742e-16       8.476387865154e-17       0.000000000000e+00       0.000000000000e+00       0.000000000000e+00 
  363       2.711201407399e-14       1.301574613166e-16       6.645396740937e-16       8.463464919105e-17       0.000000000000e+00       0.000000000000e+00       0.000000000000e+00 
  364       2.716283247896e-14       1.284791375198e-16       6.423967639727e-16       8.452572920314e-17       0.000000000000e+00       0.000000000000e+00       0.000000000000e+00 
  365       2.720205439753e-14       1.268792610832e-16       6.197107616044e-16       8.443633807919e-17       0.000000000000e+00       0.000000000000e+00       0.000000000000e+00 
  366       2.722971746994e-14       1.253578056417e-16       5.965256036919e-16       8.436567175836e-17       0.000000000000e+00       0.000000000000e+00       0.000000000000e+00 
  367       2.724586320018e-14       1.239147189154e-16       5.728862854243e-16       8.431290255167e-17       0.000000000000e+00       0.000000000000e+00       0.000000000000e+00 
  368       2.725053698906e-14       1.225499224705e-16       5.488388678513e-16       8.427717896597e-17       0.000000000000e+00       0.000000000000e+00       0.000000000000e+00 
  369       2.724378816717e-14       1.212633114798e-16       5.244304852588e-16       8.425762552799e-17       0.000000000000e+00       0.000000000000e+00       0.000000000000e+00 
  370       2.722567002788e-14       1.200547544829e-16       4.997093525445e-16       8.425334260831e-17       0.000000000000e+00       0.000000000000e+00       0.000000000000e+00 
  371       2.719623986040e-14       1.189240931474e-16       4.747247725929e-16       8.426340624539e-17       0.000000000000e+00       0.000000000000e+00       0.000000000000e+00 
  372       2.715555898271e-14       1.178711420288e-16       4.495271436509e-16       8.428686796961e-17       0.000000000000e+00       0.000000000000e+00       0.000000000000e+00 
  373       2.710369277462e-14       1.168956883316e-16       4.241679667030e-16       8.432275462721e-17       0.000000000000e+00       0.000000000000e+00       0.000000000000e+00 
  374       2.704071071075e-14       1.159974916696e-16       3.986998528466e-16       8.437006820437e-17       0.000000000000e+00       0.000000000000e+00       0.000000000000e+00 
  375       2.696668639354e-14       1.151762838266e-16       3.731765306677e-16       8.442778565120e-17       0.000000000000e+00       0.000000000000e+00       0.000000000000e+00 
  376       2.688169758625e-14       1.144317685165e-16       3.476528536157e-16       8.449485870575e-17       0.000000000000e+00       0.000000000000e+00       0.000000000000e+00 
  377       2.678582624597e-14       1.137636211448e-16       3.221848073794e-16       8.457021371799e-17       0.000000000000e+00       0.000000000000e+00       0.000000000000e+00 
  378       2.667915855663e-14       1.131714885683e-16       2.968295172618e-16       8.465275147387e-17       0.000000000000e+00       0.000000000000e+00       0.000000000000e+00 
  379       2.656178496198e-14       1.126549888560e-16       2.716452555557e-16       8.474134701933e-17       0.000000000000e+00       0.000000000000e+00       0.000000000000e+00 
  380       2.643380019862e-14       1.122137110496e-16       2.466914489191e-16       8.483484948427e-17       0.000000000000e+00       0.000000000000e+00       0.000000000000e+00 
  381       2.629530332900e-14       1.118472149243e-16       2.220286857503e-16       8.493208190658e-17       0.000000000000e+00       0.000000000000e+00       0.000000000000e+00 
  382       2.614639777442e-14       1.115550307490e-16       1.977187235637e-16       8.503184105617e-17       0.000000000000e+00       0.000000000000e+00       0.000000000000e+00 
  383       2.598719134801e-14       1.113366590472e-16       1.738244963646e-16       8.513289725897e-17       0.000000000000e+00       0.000000000000e+00       0.000000000000e+00 
  384       2.581779628779e-14       1.111915703572e-16       1.504101220251e-16       8.523399422092e-17       0.000000000000e+00       0.000000000000e+00       0.000000000000e+00 
  385       2.563832928963e-14       1.111192049931e-16       1.275409096590e-16       8.533384885203e-17       0.000000000000e+00       0.000000000000e+00       0.000000000000e+00 
  386       2.544891154026e-14       1.111189728051e-16       1.052833669973e-16       8.543115109033e-17       0.000000000000e+00       0.000000000000e+00       0.000000000000e+00 
  387       2.524966875028e-14       1.111902529399e-16       8.370520776370e-17       8.552456372593e-17       0.000000000000e+00       0.000000000000e+00       0.000000000000e+00 
  388       2.504075614015e-14       1.113322115447e-16       6.286393308233e-17       8.561292206856e-17       0.000000000000e+00       0.000000000000e+00       0.000000000000e+00 
  389       2.482243436100e-14       1.115432478487e-16       4.277208977619e-17       8.569584154318e-17       0.000000000000e+00       0.000000000000e+00       0.000000000000e+00 
  390       2.459499647845e-14       1.118215268914e-16       2.343072700320e-17       8.577313247654e-17       0.000000000000e+00       0.000000000000e+00       0.000000000000e+00 
  391       2.435874332877e-14       1.121651593265e-16       4.840703175431e-18       8.584460228888e-17       0.000000000000e+00       0.000000000000e+00       0.000000000000e+00 
  392       2.411398357168e-14       1.125722010372e-16      -1.299731574985e-17       8.591005547679e-17       0.000000000000e+00       0.000000000000e+00       0.000000000000e+00 
  393       2.386103374321e-14       1.130406527519e-16      -3.008285797914e-17       8.596929359611e-17       0.000000000000e+00       0.000000000000e+00       0.000000000000e+00 
  394       2.360021830857e-14       1.135684596606e-16      -4.641564759171e-17       8.602211524487e-17       0.000000000000e+00       0.000000000000e+00       0.000000000000e+00 
  395       2.333186971495e-14       1.141535110302e-16      -6.199560624853e-17       8.606831604614e-17       0.000000000000e+00       0.000000000000e+00       0.000000000000e+00 
  396       2.305632844440e-14       1.147936398205e-16      -7.682285490131e-17       8.610768863096e-17       0.000000000000e+00       0.000000000000e+00       0.000000000000e+00 
  397       2.277394306664e-14       1.154866223002e-16      -9.089771550143e-17       8.614002262121e-17       0.000000000000e+00       0.000000000000e+00       0.000000000000e+00 
  398       2.248507029194e-14       1.162301776624e-16      -1.042207127089e-16       8.616510461254e-17       0.000000000000e+00       0.000000000000e+00       0.000000000000e+00 
  399       2.219007502393e-14       1.170219676404e-16      -1.167925756016e-16       8.618271815727e-17       0.000000000000e+00       0.000000000000e+00       0.000000000000e+00 
  400       2.188933041247e-14       1.178595961241e-16      -1.286142393836e-16       8.619264374724e-17       0.000000000000e+00       0.000000000000e+00       0.000000000000e+00 
  401       2.158321790647e-14       1.187406087749e-16      -1.396868470949e-16       8.619465879679e-17       0.000000000000e+00       0.000000000000e+00       0.000000000000e+00 
  402       2.127212730675e-14       1.196624926426e-16      -1.500117513199e-16       8.618853762557e-17       0.000000000000e+00       0.000000000000e+00       0.000000000000e+00 
  403       2.095645681889e-14       1.206226757801e-16      -1.595905158968e-16       8.617405144150e-17       0.000000000000e+00       0.000000000000e+00       0.000000000000e+00 
  404       2.063661310605e-14       1.216185268600e-16      -1.684249176261e-16       8.615096832367e-17       0.000000000000e+00       0.000000000000e+00       0.000000000000e+00 
  405       2.031301134181e-14       1.226473547903e-16      -1.765169479798e-16       8.611905320518e-17       0.000000000000e+00       0.000000000000e+00       0.000000000000e+00 
  406       1.998607526306e-14       1.237064083299e-16      -1.838688148105e-16       8.607806785612e-17       0.000000000000e+00       0.000000000000e+00       0.000000000000e+00 
  407       1.965623722280e-14       1.247928757047e-16      -1.904829440602e-16       8.602777086640e-17       0.000000000000e+00       0.000000000000e+00       0.000000000000e+00 
  408       1.932393824299e-14       1.259038842233e-16      -1.963619814693e-16       8.596791762869e-17       0.000000000000e+00       0.000000000000e+00       0.000000000000e+00 
  409       1.898962806739e-14       1.270364998930e-16      -2.015087942857e-16       8.589826032131e-17       0.000000000000e+00       0.000000000000e+00       0.000000000000e+00 
  410       1.865376521445e-14       1.281877270352e-16      -2.059264729737e-16       8.581854789112e-17       0.000000000000e+00       0.000000000000e+00       0.000000000000e+00 
  411       1.831681703007e-14       1.293545079019e-16      -2.096183329228e-16       8.572852603642e-17       0.000000000000e+00       0.000000000000e+00       0.000000000000e+00 
  412       1.797925974051e-14       1.305337222907e-16      -2.125879161571e-16       8.562793718986e-17       0.000000000000e+00       0.000000000000e+00       0.000000000000e+00 
  413       1.764157850523e-14       1.317221871614e-16      -2.148389930437e-16       8.551652050133e-17       0.000000000000e+00       0.000000000000e+00       0.000000000000e+00 
  414       1.730426746969e-14       1.329166562511e-16      -2.163755640025e-16       8.539401182086e-17       0.000000000000e+00       0.000000000000e+00       0.000000000000e+00 
  415       1.696782981823e-14       1.341138196908e-16      -2.172018612141e-16       8.526014368153e-17       0.000000000000e+00       0.000000000000e+00       0.000000000000e+00 
  416       1.663277782690e-14       1.353103036204e-16      -2.173223503297e-16       8.511464528235e-17       0.000000000000e+00       0.000000000000e+00       0.000000000000e+00 
  417       1.629963291631e-14       1.365026698052e-16      -2.167417321797e-16       8.495724247117e-17       0.000000000000e+00       0.000000000000e+00       0.000000000000e+00 
  418       1.596892570447e-14       1.376874152512e-16      -2.154649444827e-16       8.478765772758e-17       0.000000000000e+00       0.000000000000e+00       0.000000000000e+00 
  419       1.564119605964e-14       1.388609718215e-16      -2.134971635544e-16       8.460561014581e-17       0.000000000000e+00       0.000000000000e+00       0.000000000000e+00 
  420       1.531699315315e-14       1.400197058513e-16      -2.108438060168e-16       8.441081541762e-17       0.000000000000e+00       0.000000000000e+00       0.000000000000e+00 
  421       1.499687551228e-14       1.411599177647e-16      -2.075105305069e-16       8.420298581521e-17       0.000000000000e+00       0.000000000000e+00       0.000000000000e+00 
  422       1.468141107307e-14       1.422778416896e-16      -2.035032393859e-16       8.398183017410e-17       0.000000000000e+00       0.000000000000e+00       0.000000000000e+00 
  423       1.437117723317e-14       1.433696450742e-16      -1.988280804480e-16       8.374705387607e-17       0.000000000000e+00       0.000000000000e+00       0.000000000000e+00 
  424       1.406676090472e-14       1.444314283025e-16      -1.934914486298e-16       8.349835883201e-17       0.000000000000e+00       0.000000000000e+00       0.000000000000e+00 
  425       1.376875856713e-14       1.454592243101e-16      -1.874999877185e-16       8.323544346484e-17       0.000000000000e+00       0.000000000000e+00       0.000000000000e+00 
  426       1.347777631998e-14       1.464489982001e-16      -1.808605920616e-16       8.295800269242e-17       0.000000000000e+00       0.000000000000e+00       0.000000000000e+00 
  427       1.319432583761e-14       1.473972889027e-16      -1.735822482376e-16       8.266583316978e-17       0.000000000000e+00       0.000000000000e+00       0.000000000000e+00 
  428       1.291850822662e-14       1.483031589796e-16      -1.656816255951e-16       8.235915299413e-17       0.000000000000e+00       0.000000000000e+00       0.000000000000e+00 
  429       1.265031951655e-14       1.491663103997e-16      -1.571776792734e-16       8.203829284317e-17       0.000000000000e+00       0.000000000000e+00       0.000000000000e+00 
  430       1.238975377087e-14       1.499864485268e-16      -1.480898303333e-16       8.170359175029e-17       0.000000000000e+00       0.000000000000e+00       0.000000000000e+00 
  431       1.213680307143e-14       1.507632821562e-16      -1.384379686740e-16       8.135539715662e-17       0.000000000000e+00       0.000000000000e+00       0.000000000000e+00 
  432       1.189145750303e-14       1.514965235526e-16      -1.282424559507e-16       8.099406496305e-17       0.000000000000e+00       0.000000000000e+00       0.000000000000e+00 
  433       1.165370513781e-14       1.521858884877e-16      -1.175241284911e-16       8.061995958221e-17       0.000000000000e+00       0.000000000000e+00       0.000000000000e+00 
  434       1.142353201984e-14       1.528310962768e-16      -1.063043002131e-16       8.023345399052e-17       0.000000000000e+00       0.000000000000e+00       0.000000000000e+00 
  435       1.120092214954e-14       1.534318698169e-16      -9.460476554155e-17       7.983492978015e-17       0.000000000000e+00       0.000000000000e+00       0.000000000000e+00 
  436       1.098585746819e-14       1.539879356240e-16      -8.244780232551e-17       7.942477721112e-17       0.000000000000e+00       0.000000000000e+00       0.000000000000e+00 
  437       1.077831784246e-14       1.544990238702e-16      -6.985617475535e-17       7.900339526323e-17       0.000000000000e+00       0.000000000000e+00       0.000000000000e+00 
  438       1.057828104882e-14       1.549648684212e-16      -5.685313627989e-17       7.857119168811e-17       0.000000000000e+00       0.000000000000e+00       0.000000000000e+00 
  439       1.038572275813e-14       1.553852068739e-16      -4.346243252349e-17       7.812858306125e-17       0.000000000000e+00       0.000000000000e+00       0.000000000000e+00 
  440       1.020061652005e-14       1.557597805935e-16      -2.970830420318e-17       7.767599483396e-17       0.000000000000e+00       0.000000000000e+00       0.000000000000e+00 
  441       1.002293374756e-14       1.560883347512e-16      -1.561549004580e-17       7.721386138546e-17       0.000000000000e+00       0.000000000000e+00       0.000000000000e+00 
  442       9.852643701475e-15       1.563706183613e-16      -1.209229705068e-18       7.674262607482e-17       0.000000000000e+00       0.000000000000e+00       0.000000000000e+00 
  443       9.689713474900e-15       1.566063843188e-16       1.348473332122e-17       7.626274129302e-17       0.000000000000e+00       0.000000000000e+00       0.000000000000e+00 
  444       9.534107977736e-15       1.567953894368e-16       2.844014877414e-17       7.577466851494e-17       0.000000000000e+00       0.000000000000e+00       0.000000000000e+00 
  445       9.385789921174e-15       1.569373944835e-16       4.363025671649e-17       7.527887835140e-17       0.000000000000e+00       0.000000000000e+00       0.000000000000e+00 
  446       9.244719802181e-15       1.570321642203e-16       5.902778461566e-17       7.477585060114e-17       0.000000000000e+00       0.000000000000e+00       0.000000000000e+00 
  447       9.110855887994e-15       1.570794674385e-16       7.460494442653e-17       7.426607430286e-17       0.000000000000e+00       0.000000000000e+00       0.000000000000e+00 
  448       8.984154200609e-15       1.570790769972e-16       9.033342967434e-17       7.375004778721e-17       0.000000000000e+00       0.000000000000e+00       0.000000000000e+00 
  449       8.864568501277e-15       1.570307698604e-16       1.061844125376e-16       7.322827872884e-17       0.000000000000e+00       0.000000000000e+00       0.000000000000e+00 
  450       8.752050274986e-15       1.569343271344e-16       1.221285409308e-16       7.270128419837e-17       0.000000000000e+00       0.000000000000e+00       0.000000000000e+00 
  451       8.646548714963e-15       1.567895341056e-16       1.381359355877e-16       7.216959071444e-17       0.000000000000e+00       0.000000000000e+00       0.000000000000e+00 
  452       8.548010707157e-15       1.565961802771e-16       1.541761871438e-16       7.163373429571e-17       0.000000000000e+00       0.000000000000e+00       0.000000000000e+00 
  453       8.456380814734e-15       1.563540594069e-16       1.702183532192e-16       7.109426051285e-17       0.000000000000e+00       0.000000000000e+00       0.000000000000e+00 
  454       8.371601262567e-15       1.560629695450e-16       1.862309555018e-16       7.055172454061e-17       0.000000000000e+00       0.000000000000e+00       0.000000000000e+00 
  455       8.293611921726e-15       1.557227130705e-16       2.021819768301e-16       7.000669120977e-17       0.000000000000e+00       0.000000000000e+00       0.000000000000e+00 
  456       8.222350293975e-15       1.553330967293e-16       2.180388582758e-16       6.945973505921e-17       0.000000000000e+00       0.000000000000e+00       0.000000000000e+00 
  457       8.157751496253e-15       1.548939316718e-16       2.337684962271e-16       6.891144038786e-17       0.000000000000e+00       0.000000000000e+00       0.000000000000e+00 
  458       8.099748245176e-15       1.544050334894e-16       2.493372394711e-16       6.836240130680e-17       0.000000000000e+00       0.000000000000e+00       0.000000000000e+00 
  459       8.048270841519e-15       1.538662222528e-16       2.647108862772e-16       6.781322179119e-17       0.000000000000e+00       0.000000000000e+00       0.000000000000e+00 
  460       8.003247154715e-15       1.532773225489e-16       2.798546814794e-16       6.726451573232e-17       0.000000000000e+00       0.000000000000e+00       0.000000000000e+00 
  461       7.964602607339e-15       1.526381635183e-16       2.947333135598e-16       6.671690698963e-17       0.000000000000e+00       0.000000000000e+00       0.000000000000e+00 
  462       7.932260159606e-15       1.519485788929e-16       3.093109117311e-16       6.617102944273e-17       0.000000000000e+00       0.000000000000e+00       0.000000000000e+00 
  463       7.906140293856e-15       1.512084070328e-16       3.235510430194e-16       6.562752704338e-17       0.000000000000e+00       0.000000000000e+00       0.000000000000e+00 
  464       7.886160999048e-15       1.504174909643e-16       3.374167093474e-16       6.508705386752e-17       0.000000000000e+00       0.000000000000e+00       0.000000000000e+00 
  465       7.872237755254e-15       1.495756784167e-16       3.508703446170e-16       6.455027416730e-17       0.000000000000e+00       0.000000000000e+00       0.000000000000e+00 
  466       7.864269449911e-15       1.486830904173e-16       3.638800845987e-16       6.401777390724e-17       0.000000000000e+00       0.000000000000e+00       0.000000000000e+00 
  467       7.862095674590e-15       1.477409362206e-16       3.764387978082e-16       6.348979222956e-17       0.000000000000e+00       0.000000000000e+00       0.000000000000e+00 
  468       7.865538065387e-15       1.467507238777e-16       3.885456426343e-16       6.296648171317e-17       0.000000000000e+00       0.000000000000e+00       0.000000000000e+00 
  469       7.874414227528e-15       1.457139941622e-16       4.001998487449e-16       6.244799613543e-17       0.000000000000e+00       0.000000000000e+00       0.000000000000e+00 
  470       7.888537712095e-15       1.446323207562e-16       4.114007176292e-16       6.193449047527e-17       0.000000000000e+00       0.000000000000e+00       0.000000000000e+00 
  471       7.907717992768e-15       1.435073104352e-16       4.221476231391e-16       6.142612091648e-17       0.000000000000e+00       0.000000000000e+00       0.000000000000e+00 
  472       7.931760442549e-15       1.423406032542e-16       4.324400120312e-16       6.092304485084e-17       0.000000000000e+00       0.000000000000e+00       0.000000000000e+00 
  473       7.960466310505e-15       1.411338727324e-16       4.422774045086e-16       6.042542088136e-17       0.000000000000e+00       0.000000000000e+00       0.000000000000e+00 
  474       7.993632698496e-15       1.398888260395e-16       4.516593947626e-16       5.993340882550e-17       0.000000000000e+00       0.000000000000e+00       0.000000000000e+00 
  475       8.031052537911e-15       1.386072041808e-16       4.605856515147e-16       5.944716971834e-17       0.000000000000e+00       0.000000000000e+00       0.000000000000e+00 
  476       8.072514566401e-15       1.372907821824e-16       4.690559185583e-16       5.896686581581e-17       0.000000000000e+00       0.000000000000e+00       0.000000000000e+00 
  477       8.117803304611e-15       1.359413692772e-16       4.770700153002e-16       5.849266059787e-17       0.000000000000e+00       0.000000000000e+00       0.000000000000e+00 
  478       8.166699032920e-15       1.345608090901e-16       4.846278373029e-16       5.802471877176e-17       0.000000000000e+00       0.000000000000e+00       0.000000000000e+00 
  479       8.218977768165e-15       1.331509798235e-16       4.917293568261e-16       5.756320627514e-17       0.000000000000e+00       0.000000000000e+00       0.000000000000e+00 
  480       8.274411240385e-15       1.317137944429e-16       4.983746233686e-16       5.710829027936e-17       0.000000000000e+00       0.000000000000e+00       0.000000000000e+00 
  481       8.332766869546e-15       1.302512008622e-16       5.045637642099e-16       5.666013919262e-17       0.000000000000e+00       0.000000000000e+00       0.000000000000e+00 
  482       8.393807742282e-15       1.287651821293e-16       5.102969849523e-16       5.621892266319e-17       0.000000000000e+00       0.000000000000e+00       0.000000000000e+00 
  483       8.457292588622e-15       1.272577566115e-16       5.155745700626e-16       5.578481158261e-17       0.000000000000e+00       0.000000000000e+00       0.000000000000e+00 
  484       8.522975758729e-15       1.257309781810e-16       5.203968834137e-16       5.535797808892e-17       0.000000000000e+00       0.000000000000e+00       0.000000000000e+00 
  485       8.590607199632e-15       1.241869364007e-16       5.247643688266e-16       5.493859556982e-17       0.000000000000e+00       0.000000000000e+00       0.000000000000e+00 
  486       8.659932431959e-15       1.226277567090e-16       5.286775506122e-16       5.452683866591e-17       0.000000000000e+00       0.000000000000e+00       0.000000000000e+00 
  487       8.730692526670e-15       1.210556006059e-16       5.321370341130e-16       5.412288327388e-17       0.000000000000e+00       0.000000000000e+00       0.000000000000e+00 
  488       8.802624081794e-15       1.194726658383e-16       5.351435062448e-16       5.372690654972e-17       0.000000000000e+00       0.000000000000e+00       0.000000000000e+00 
  489       8.875459199159e-15       1.178811865852e-16       5.376977360390e-16       5.333908691192e-17       0.000000000000e+00       0.000000000000e+00       0.000000000000e+00 
  490       8.948925461130e-15       1.162834336436e-16       5.398005751837e-16       5.295960404468e-17       0.000000000000e+00       0.000000000000e+00       0.000000000000e+00 
  491       9.022745907336e-15       1.146817146138e-16       5.414529585660e-16       5.258863890112e-17       0.000000000000e+00       0.000000000000e+00       0.000000000000e+00 
  492       9.096639011413e-15       1.130783740847e-16       5.426559048136e-16       5.222637370645e-17       0.000000000000e+00       0.000000000000e+00       0.000000000000e+00 
  493       9.170318657729e-15       1.114757938197e-16       5.434105168365e-16       5.187299196124e-17       0.000000000000e+00       0.000000000000e+00       0.000000000000e+00 
  494       9.243494118123e-15       1.098763929418e-16       5.437179823692e-16       5.152867844455e-17       0.000000000000e+00       0.000000000000e+00       0.000000000000e+00 
  495       9.315870028636e-15       1.082826281192e-16       5.435795745120e-16       5.119361921720e-17       0.000000000000e+00       0.000000000000e+00       0.000000000000e+00 
  496       9.387146366246e-15       1.066969937508e-16       5.429966522731e-16       5.086800162494e-17       0.000000000000e+00       0.000000000000e+00       0.000000000000e+00 
  497       9.457018425604e-15       1.051220221518e-16       5.419706611103e-16       5.055201430164e-17       0.000000000000e+00       0.000000000000e+00       0.000000000000e+00 
  498       9.525176795762e-15       1.035602837388e-16       5.405031334730e-16       5.024584717253e-17       0.000000000000e+00       0.000000000000e+00       0.000000000000e+00 
  499       9.591307336912e-15       1.020143872158e-16       5.385956893434e-16       4.994969145740e-17       0.000000000000e+00       0.000000000000e+00       0.000000000000e+00 
  500       9.655091157118e-15       1.004869797594e-16       5.362500367792e-16       4.966373967379e-17       0.000000000000e+00       0.000000000000e+00       0.000000000000e+00 
