# Matter power spectrum P(k) at redshift z=0
# for k=1.045e-05 to 1.09055 h/Mpc,
# number of wavenumbers equal to 603
#    1:k (h/Mpc)              2:P (Mpc/h)^3        
       1.045004358465e-05       5.155517530046e+01 
       2.333095830364e-05       1.133442767446e+02 
       3.625717138197e-05       1.731382337387e+02 
       4.926346170446e-05       2.328174702504e+02 
       6.238518340034e-05       2.921618758220e+02 
       7.565858108432e-05       3.518812189570e+02 
       8.912111517766e-05       4.123894002571e+02 
       1.028118016360e-04       4.729599485379e+02 
       1.167715704439e-04       5.346672125071e+02 
       1.310436472695e-04       5.972764550697e+02 
       1.456739626796e-04       6.612437841113e+02 
       1.607115932535e-04       7.266333108735e+02 
       1.762092387588e-04       7.938081818480e+02 
       1.922237391794e-04       8.630072089316e+02 
       2.088166347275e-04       9.343202114963e+02 
       2.260547708937e-04       1.008239548217e+03 
       2.440109489228e-04       1.084948180934e+03 
       2.627646196243e-04       1.164762336771e+03 
       2.824026148746e-04       1.248070522329e+03 
       3.030199061975e-04       1.335212965788e+03 
       3.247203730558e-04       1.426592401988e+03 
       3.476175545344e-04       1.522680639241e+03 
       3.718353465748e-04       1.623920704428e+03 
       3.975085925723e-04       1.730846421061e+03 
       4.247834979996e-04       1.844000729002e+03 
       4.538177802962e-04       1.963951264135e+03 
       4.847804449377e-04       2.091323819472e+03 
       5.178510599038e-04       2.226763401551e+03 
       5.532183878398e-04       2.370926596056e+03 
       5.910782339041e-04       2.524486836948e+03 
       6.316303850249e-04       2.688107379397e+03 
       6.750745609842e-04       2.862426933357e+03 
       7.216053758473e-04       3.048034642840e+03 
       7.714064215132e-04       3.245453748573e+03 
       8.246437268604e-04       3.455105708809e+03 
       8.814589978991e-04       3.677274995639e+03 
       9.419631766204e-04       3.912119309150e+03 
       1.006230932013e-03       4.159613399955e+03 
       1.074296682416e-03       4.419549680379e+03 
       1.146152626855e-03       4.691561322573e+03 
       1.221749044348e-03       4.975081382229e+03 
       1.300996843579e-03       5.269405296785e+03 
       1.383772069420e-03       5.573699237598e+03 
       1.469921856686e-03       5.886973742645e+03 
       1.559271205766e-03       6.208287241888e+03 
       1.651629950110e-03       6.536604765114e+03 
       1.746799373907e-03       6.870840002400e+03 
       1.844578083652e-03       7.210011475705e+03 
       1.944766900247e-03       7.553104529856e+03 
       2.047172686846e-03       7.899204543141e+03 
       2.151611143041e-03       8.247422224023e+03 
       2.257908672078e-03       8.596974697120e+03 
       2.365903467808e-03       8.947086920638e+03 
       2.475445979787e-03       9.297125466737e+03 
       2.586398907712e-03       9.646498037297e+03 
       2.698636858273e-03       9.994642323534e+03 
       2.812045774843e-03       1.034110524090e+04 
       2.926522227346e-03       1.068546292763e+04 
       3.041972628545e-03       1.102735820411e+04 
       3.158312425015e-03       1.136647342174e+04 
       3.275465296538e-03       1.170249092867e+04 
       3.393362386273e-03       1.203521635678e+04 
       3.511941575581e-03       1.236444454811e+04 
       3.631146811106e-03       1.268993237813e+04 
       3.750927487358e-03       1.301158230146e+04 
       3.871237885001e-03       1.332924684550e+04 
       3.992036663108e-03       1.364284690341e+04 
       4.113286402413e-03       1.395220544342e+04 
       4.234953195939e-03       1.425735427921e+04 
       4.357006283050e-03       1.455815720410e+04 
       4.479417722957e-03       1.485457886066e+04 
       4.602162103782e-03       1.514663476005e+04 
       4.725216283514e-03       1.543418899560e+04 
       4.848559159457e-03       1.571727554420e+04 
       4.972171463028e-03       1.599587004310e+04 
       5.096035577095e-03       1.626997421986e+04 
       5.220135373297e-03       1.653965979165e+04 
       5.344456067073e-03       1.680485574137e+04 
       5.468984088379e-03       1.706561762257e+04 
       5.593706966285e-03       1.732191829333e+04 
       5.718613225869e-03       1.757374681626e+04 
       5.843692296005e-03       1.782125340239e+04 
       5.968934426788e-03       1.806428933075e+04 
       6.094330615523e-03       1.830305088561e+04 
       6.219872540296e-03       1.853746075484e+04 
       6.345552500285e-03       1.876759684581e+04 
       6.471363362067e-03       1.899339966185e+04 
       6.597298511245e-03       1.921505156472e+04 
       6.723351808830e-03       1.943242566956e+04 
       6.849517551848e-03       1.964569605063e+04 
       6.975790437733e-03       1.985483651348e+04 
       7.102165532088e-03       2.005990245693e+04 
       7.228638239473e-03       2.026088739831e+04 
       7.355204276895e-03       2.045787127626e+04 
       7.481859649730e-03       2.064986753459e+04 
       7.608600629819e-03       2.083887695847e+04 
       7.735423735528e-03       2.102409359211e+04 
       7.862325713566e-03       2.120541219063e+04 
       7.989303522403e-03       2.138292267349e+04 
       8.116354317107e-03       2.155658621198e+04 
       8.243475435493e-03       2.172664227202e+04 
       8.370664385430e-03       2.189303450896e+04 
       8.497918833217e-03       2.205566712681e+04 
       8.625236592919e-03       2.221469191146e+04 
       8.752615616576e-03       2.237018095534e+04 
       8.880053985201e-03       2.252222236100e+04 
       9.007549900508e-03       2.267073701919e+04 
       9.135101677287e-03       2.281573523514e+04 
       9.262707736385e-03       2.295729479920e+04 
       9.390366598231e-03       2.309549418862e+04 
       9.518076876860e-03       2.323030630710e+04 
       9.645837274391e-03       2.336181180350e+04 
       9.773646575931e-03       2.349013336999e+04 
       9.901503644852e-03       2.361519236162e+04 
       1.002940741843e-02       2.373714377220e+04 
       1.015735690378e-02       2.385594798333e+04 
       1.028535117414e-02       2.397157895399e+04 
       1.041338936539e-02       2.408409668401e+04 
       1.054147067279e-02       2.419350511558e+04 
       1.066959434803e-02       2.430005693826e+04 
       1.079775969644e-02       2.440355674874e+04 
       1.092596607441e-02       2.450412340015e+04 
       1.105421288699e-02       2.460176040495e+04 
       1.118249958563e-02       2.469649650169e+04 
       1.131082566619e-02       2.478868817161e+04 
       1.143919066690e-02       2.487776682949e+04 
       1.156759416669e-02       2.496411660281e+04 
       1.169603578339e-02       2.504766956790e+04 
       1.182451517231e-02       2.512849877825e+04 
       1.195303202469e-02       2.520665022008e+04 
       1.208158606644e-02       2.528216716660e+04 
       1.221017705681e-02       2.535505565977e+04 
       1.233880478731e-02       2.542534064883e+04 
       1.246746908058e-02       2.549304737867e+04 
       1.259616978942e-02       2.555824400516e+04 
       1.272490679583e-02       2.562095312269e+04 
       1.285368001018e-02       2.568119822374e+04 
       1.298248937038e-02       2.573898159905e+04 
       1.311133484117e-02       2.579436423924e+04 
       1.324021641342e-02       2.584734285886e+04 
       1.336913410352e-02       2.589801893424e+04 
       1.349808795276e-02       2.594633326726e+04 
       1.362707802683e-02       2.599238890989e+04 
       1.375610441532e-02       2.603614516883e+04 
       1.388516723129e-02       2.607768734064e+04 
       1.401426661081e-02       2.611702001934e+04 
       1.414340271265e-02       2.615414411090e+04 
       1.427257571792e-02       2.618913992080e+04 
       1.440178582977e-02       2.622198976517e+04 
       1.453103327311e-02       2.625274057852e+04 
       1.466031829438e-02       2.628142807344e+04 
       1.478964116138e-02       2.630803167810e+04 
       1.491900216301e-02       2.633265961546e+04 
       1.504840160920e-02       2.635529700916e+04 
       1.517783983073e-02       2.637598476888e+04 
       1.530731717916e-02       2.639473002474e+04 
       1.543683402673e-02       2.640953005641e+04 
       1.556639076630e-02       2.642439580647e+04 
       1.569598781137e-02       2.643806167964e+04 
       1.582562559600e-02       2.644948678074e+04 
       1.595530457487e-02       2.645862811081e+04 
       1.608502522327e-02       2.646557571423e+04 
       1.621478803722e-02       2.647131961889e+04 
       1.634459353345e-02       2.647529649342e+04 
       1.647444224958e-02       2.647907453547e+04 
       1.660433474414e-02       2.647991721753e+04 
       1.673427159678e-02       2.647886702591e+04 
       1.686425340835e-02       2.647606539237e+04 
       1.699428080111e-02       2.647152101340e+04 
       1.712435441886e-02       2.646566485809e+04 
       1.725447492718e-02       2.645862235208e+04 
       1.738464301363e-02       2.644919861434e+04 
       1.751485938798e-02       2.643698743116e+04 
       1.764512478243e-02       2.642614985915e+04 
       1.777543995193e-02       2.641300050012e+04 
       1.790580567440e-02       2.639648988443e+04 
       1.803622275109e-02       2.637969297579e+04 
       1.816669200684e-02       2.636151783143e+04 
       1.829721429042e-02       2.634171178753e+04 
       1.842779047491e-02       2.632151902286e+04 
       1.855842145803e-02       2.629924247378e+04 
       1.868910816253e-02       2.627551510946e+04 
       1.881985153660e-02       2.625041686862e+04 
       1.895065255427e-02       2.622518942934e+04 
       1.908151221584e-02       2.619754979916e+04 
       1.921243154835e-02       2.616913219334e+04 
       1.934341160602e-02       2.613843939961e+04 
       1.947445347077e-02       2.610721991031e+04 
       1.960555825268e-02       2.607512106964e+04 
       1.973672709056e-02       2.604193390617e+04 
       1.986796115246e-02       2.600599433984e+04 
       1.999926163623e-02       2.597016232891e+04 
       2.013062977012e-02       2.593311957204e+04 
       2.026206681336e-02       2.589452271636e+04 
       2.039357405681e-02       2.585723900297e+04 
       2.052515282356e-02       2.581730779837e+04 
       2.065680446963e-02       2.577608103339e+04 
       2.078853038464e-02       2.573341009674e+04 
       2.092033199250e-02       2.568779701435e+04 
       2.105221075219e-02       2.564345204783e+04 
       2.118416815845e-02       2.559971136674e+04 
       2.131620574262e-02       2.555275882875e+04 
       2.144832507339e-02       2.550606918826e+04 
       2.158052775766e-02       2.545832454820e+04 
       2.171281544139e-02       2.540930605826e+04 
       2.184518981047e-02       2.535872256841e+04 
       2.197765259164e-02       2.530655300689e+04 
       2.211020555343e-02       2.525486202368e+04 
       2.224285050711e-02       2.520398091277e+04 
       2.237558930770e-02       2.515083907879e+04 
       2.250842385501e-02       2.509647353547e+04 
       2.264135609466e-02       2.503907234773e+04 
       2.277438801924e-02       2.498366610595e+04 
       2.290752166936e-02       2.492862758838e+04 
       2.304075913487e-02       2.486909425436e+04 
       2.317410255604e-02       2.481300566415e+04 
       2.330755412480e-02       2.475473433372e+04 
       2.344111608601e-02       2.469545302205e+04 
       2.357479073879e-02       2.463294917752e+04 
       2.370858043787e-02       2.457215976686e+04 
       2.384248759499e-02       2.451066531003e+04 
       2.397651468034e-02       2.445088767140e+04 
       2.411066422407e-02       2.438814216978e+04 
       2.424493881783e-02       2.432295008887e+04 
       2.437934111633e-02       2.425854732162e+04 
       2.451387383901e-02       2.419594975568e+04 
       2.464853977174e-02       2.413117724212e+04 
       2.478334176854e-02       2.406286172868e+04 
       2.491828275342e-02       2.399663065623e+04 
       2.505336572221e-02       2.392981989873e+04 
       2.518859374453e-02       2.386305205070e+04 
       2.532396996575e-02       2.379534138895e+04 
       2.545949760907e-02       2.372706756736e+04 
       2.559517997761e-02       2.365841407226e+04 
       2.573102045669e-02       2.358965848771e+04 
       2.586702251600e-02       2.351976333998e+04 
       2.600318971206e-02       2.345078148979e+04 
       2.613952569055e-02       2.338137381850e+04 
       2.627603418892e-02       2.330821759862e+04 
       2.641271903892e-02       2.323691039157e+04 
       2.654958416936e-02       2.316517009896e+04 
       2.668663360886e-02       2.309353891670e+04 
       2.682387148875e-02       2.302112083114e+04 
       2.696130204606e-02       2.294846046971e+04 
       2.709892962664e-02       2.287525657278e+04 
       2.723675868836e-02       2.280211280205e+04 
       2.737479380444e-02       2.272971037659e+04 
       2.751303966691e-02       2.265570582045e+04 
       2.765150109016e-02       2.258124024454e+04 
       2.779018301472e-02       2.250533811782e+04 
       2.792909051104e-02       2.243048986187e+04 
       2.806822878352e-02       2.235602045474e+04 
       2.820760317466e-02       2.228055391170e+04 
       2.834721916939e-02       2.220440891749e+04 
       2.848708239949e-02       2.212702580154e+04 
       2.862719864828e-02       2.205086505875e+04 
       2.876757385545e-02       2.197436201675e+04 
       2.890821412206e-02       2.189893850839e+04 
       2.904912571580e-02       2.182220495881e+04 
       2.919031507636e-02       2.174507638771e+04 
       2.933178882113e-02       2.166682578217e+04 
       2.947355375108e-02       2.159046738920e+04 
       2.961561685685e-02       2.151318665570e+04 
       2.975798532515e-02       2.143462863716e+04 
       2.990066654541e-02       2.135680282366e+04 
       3.004366811665e-02       2.127975580579e+04 
       3.018699785478e-02       2.120114932481e+04 
       3.033066380005e-02       2.112171285296e+04 
       3.047467422493e-02       2.104332922260e+04 
       3.061903764232e-02       2.096482108810e+04 
       3.076376281406e-02       2.088709632462e+04 
       3.090885875989e-02       2.080845432745e+04 
       3.105433476679e-02       2.072833346851e+04 
       3.120020039870e-02       2.065055749548e+04 
       3.134646550675e-02       2.057195955516e+04 
       3.149314023990e-02       2.049110775409e+04 
       3.164023505612e-02       2.041295631180e+04 
       3.178776073406e-02       2.033466688250e+04 
       3.193572838530e-02       2.025377559402e+04 
       3.208414946714e-02       2.017439975505e+04 
       3.223303579609e-02       2.009506056046e+04 
       3.238239956191e-02       2.001558508802e+04 
       3.253225334243e-02       1.993771568787e+04 
       3.268261011904e-02       1.985689677283e+04 
       3.283348329301e-02       1.977825183472e+04 
       3.298488670260e-02       1.969914800105e+04 
       3.313683464103e-02       1.961918947578e+04 
       3.328934187547e-02       1.953821904641e+04 
       3.344242366689e-02       1.945859567753e+04 
       3.359609579103e-02       1.937932889157e+04 
       3.375037456053e-02       1.929976398433e+04 
       3.390527684814e-02       1.922021297490e+04 
       3.406082011128e-02       1.914036270998e+04 
       3.421702241794e-02       1.906058467918e+04 
       3.437390247395e-02       1.898247884664e+04 
       3.453147965192e-02       1.890295348234e+04 
       3.468977402169e-02       1.882176781872e+04 
       3.484880638259e-02       1.874231573680e+04 
       3.500859829758e-02       1.866339857391e+04 
       3.516917212940e-02       1.858395748079e+04 
       3.533055107886e-02       1.850416250760e+04 
       3.549275922540e-02       1.842525251275e+04 
       3.565582157023e-02       1.834536865266e+04 
       3.581976408199e-02       1.826699415580e+04 
       3.598461374536e-02       1.818773490814e+04 
       3.615039861271e-02       1.810945877377e+04 
       3.631714785907e-02       1.802848121142e+04 
       3.648489184058e-02       1.795073263367e+04 
       3.665366215692e-02       1.787178818960e+04 
       3.682349171774e-02       1.779135834139e+04 
       3.699441481368e-02       1.771342185414e+04 
       3.716646719210e-02       1.763291648481e+04 
       3.733968613823e-02       1.755395109756e+04 
       3.751411056177e-02       1.747609959836e+04 
       3.768978108986e-02       1.739743645235e+04 
       3.786674016658e-02       1.731856976604e+04 
       3.804503215979e-02       1.723829051863e+04 
       3.822470347586e-02       1.716034174173e+04 
       3.840580268302e-02       1.708178974022e+04 
       3.858838064404e-02       1.700262983397e+04 
       3.877249065931e-02       1.692418130214e+04 
       3.895818862096e-02       1.684449827936e+04 
       3.914553317941e-02       1.676691415545e+04 
       3.933458592328e-02       1.668682152785e+04 
       3.952541157417e-02       1.660814311991e+04 
       3.971807819759e-02       1.652936786670e+04 
       3.991265743181e-02       1.645088060150e+04 
       4.010922473646e-02       1.637188021464e+04 
       4.030785966288e-02       1.629417697616e+04 
       4.050864614847e-02       1.621568801737e+04 
       4.071167283779e-02       1.613536216405e+04 
       4.091703343322e-02       1.605654196259e+04 
       4.112482707841e-02       1.597765956190e+04 
       4.133515877846e-02       1.589907851851e+04 
       4.154813986079e-02       1.582016059136e+04 
       4.176388848168e-02       1.574119562192e+04 
       4.198253018382e-02       1.566248833145e+04 
       4.220419851120e-02       1.558325128349e+04 
       4.242903568833e-02       1.550478458432e+04 
       4.265719337197e-02       1.542456616994e+04 
       4.288883348483e-02       1.534449121078e+04 
       4.312412914181e-02       1.526485632583e+04 
       4.336326568147e-02       1.518532750820e+04 
       4.360644181686e-02       1.510544622400e+04 
       4.385387092266e-02       1.502537958215e+04 
       4.410578247800e-02       1.494509276921e+04 
       4.436242368765e-02       1.486503476626e+04 
       4.462406130828e-02       1.478405399904e+04 
       4.489098371107e-02       1.470254973387e+04 
       4.516350321751e-02       1.462119070535e+04 
       4.544195875207e-02       1.453992922353e+04 
       4.572671886361e-02       1.445798071774e+04 
       4.601818517708e-02       1.437572765434e+04 
       4.631679634960e-02       1.429336572432e+04 
       4.662303261929e-02       1.421102194524e+04 
       4.693742105388e-02       1.412746327454e+04 
       4.726054162823e-02       1.404184529703e+04 
       4.759303428806e-02       1.395798652772e+04 
       4.793560719149e-02       1.387313406482e+04 
       4.828904636352e-02       1.378721448847e+04 
       4.865422705275e-02       1.369947883266e+04 
       4.903212714816e-02       1.361205532645e+04 
       4.942384310017e-02       1.352449120375e+04 
       4.983060889991e-02       1.343524028287e+04 
       5.025381881014e-02       1.334368899269e+04 
       5.069505471927e-02       1.325248556598e+04 
       5.115611921608e-02       1.316037561636e+04 
       5.163907577182e-02       1.306527150711e+04 
       5.214629778177e-02       1.296981478775e+04 
       5.268052867832e-02       1.287200341421e+04 
       5.324495589638e-02       1.277101188264e+04 
       5.384330215613e-02       1.266937999204e+04 
       5.447993831049e-02       1.256434011327e+04 
       5.516002281028e-02       1.245484436515e+04 
       5.588967347556e-02       1.234349596164e+04 
       5.667617728526e-02       1.222655335028e+04 
       5.752824238764e-02       1.210470803474e+04 
       5.845629166292e-02       1.197493538091e+04 
       5.947278550585e-02       1.183880747997e+04 
       6.059253702404e-02       1.169066304410e+04 
       6.183293616966e-02       1.153125769100e+04 
       6.321391895945e-02       1.135320181356e+04 
       6.475739931141e-02       1.115486346093e+04 
       6.648575417648e-02       1.092873545293e+04 
       6.841893751845e-02       1.066781237654e+04 
       7.057014991713e-02       1.036491085255e+04 
       7.294096001121e-02       1.001307549188e+04 
       7.551806995251e-02       9.609661248454e+03 
       7.827420133877e-02       9.159083652202e+03 
       8.117356133227e-02       8.673331043752e+03 
       8.417927801560e-02       8.167286559347e+03 
       8.725923920169e-02       7.662168176034e+03 
       9.038865675803e-02       7.175904931524e+03 
       9.354994726217e-02       6.724946690190e+03 
       9.673132963228e-02       6.320480506141e+03 
       9.992519888887e-02       5.969719828904e+03 
       1.031267606933e-01       5.673743276599e+03 
       1.063330369207e-01       5.428649378897e+03 
       1.095421943607e-01       5.229243333170e+03 
       1.127531107498e-01       5.066439721266e+03 
       1.159651012776e-01       4.930548212372e+03 
       1.191777488189e-01       4.810857638955e+03 
       1.223907995083e-01       4.698199834319e+03 
       1.256040988568e-01       4.583938177173e+03 
       1.288175528007e-01       4.461164779970e+03 
       1.320311039975e-01       4.326494852728e+03 
       1.352447174183e-01       4.178673302898e+03 
       1.384583715953e-01       4.018195945245e+03 
       1.416720533079e-01       3.849158316147e+03 
       1.448857543556e-01       3.675243327555e+03 
       1.480994695979e-01       3.502589951599e+03 
       1.513131957646e-01       3.335791921979e+03 
       1.545269307319e-01       3.179156534217e+03 
       1.577406730825e-01       3.036277642140e+03 
       1.609544218378e-01       2.909152705688e+03 
       1.641681762942e-01       2.799080096021e+03 
       1.673819359230e-01       2.705013079669e+03 
       1.705957003091e-01       2.625562131289e+03 
       1.738094691134e-01       2.559059901272e+03 
       1.770232420486e-01       2.501681012034e+03 
       1.802370188648e-01       2.450969091213e+03 
       1.834507993398e-01       2.403644960499e+03 
       1.866645832730e-01       2.357372133527e+03 
       1.898783704814e-01       2.309022058693e+03 
       1.930921607962e-01       2.257403469408e+03 
       1.963059540616e-01       2.201160104489e+03 
       1.995197501323e-01       2.140342744585e+03 
       2.027335488731e-01       2.075711422155e+03 
       2.059473501575e-01       2.008573631319e+03 
       2.091611538671e-01       1.940151377512e+03 
       2.123749598908e-01       1.872952793514e+03 
       2.155887681241e-01       1.807876425491e+03 
       2.188025784691e-01       1.746393601459e+03 
       2.220163908332e-01       1.689197511620e+03 
       2.252302051293e-01       1.637222412056e+03 
       2.284440212755e-01       1.590479571124e+03 
       2.316578391940e-01       1.548865611859e+03 
       2.348716588117e-01       1.512101870759e+03 
       2.380854800594e-01       1.479415592246e+03 
       2.412993028713e-01       1.450187438548e+03 
       2.445131271855e-01       1.423107067360e+03 
       2.477269529431e-01       1.397311206537e+03 
       2.509407800884e-01       1.371990694991e+03 
       2.541546085682e-01       1.346265696568e+03 
       2.573684383324e-01       1.319738811082e+03 
       2.605822693330e-01       1.292198572050e+03 
       2.637961015248e-01       1.263450690387e+03 
       2.670099348642e-01       1.233713196926e+03 
       2.702237693103e-01       1.203201396696e+03 
       2.734376048237e-01       1.172430197791e+03 
       2.766514413671e-01       1.141830601580e+03 
       2.798652789047e-01       1.111823336244e+03 
       2.830791174024e-01       1.083111624984e+03 
       2.862929568279e-01       1.055961498754e+03 
       2.895067971499e-01       1.030472629520e+03 
       2.927206383389e-01       1.006940365717e+03 
       2.959344803664e-01       9.852505588955e+02 
       2.991483232052e-01       9.652910390511e+02 
       3.023621668294e-01       9.468384532941e+02 
       3.055760112140e-01       9.296146437779e+02 
       3.087898563352e-01       9.131953248881e+02 
       3.120037021700e-01       8.975442955761e+02 
       3.152175486966e-01       8.822013330277e+02 
       3.184313958939e-01       8.669322439402e+02 
       3.216452437417e-01       8.517274412920e+02 
       3.248590922206e-01       8.362600311949e+02 
       3.280729413120e-01       8.205774656315e+02 
       3.312867909978e-01       8.046338350119e+02 
       3.345006412611e-01       7.886466942297e+02 
       3.377144920850e-01       7.726909685301e+02 
       3.409283434538e-01       7.568258703607e+02 
       3.441421953521e-01       7.413713305925e+02 
       3.473560477652e-01       7.263007584802e+02 
       3.505699006787e-01       7.117490537467e+02 
       3.537837540791e-01       6.977795440500e+02 
       3.569976079531e-01       6.845526065868e+02 
       3.602114622879e-01       6.719579726902e+02 
       3.634253170713e-01       6.600317356732e+02 
       3.666391722915e-01       6.487234486835e+02 
       3.698530279369e-01       6.379096520000e+02 
       3.730668839967e-01       6.275864422344e+02 
       3.762807404600e-01       6.175689406926e+02 
       3.794945973167e-01       6.077621577605e+02 
       3.827084545567e-01       5.981107276752e+02 
       3.859223121705e-01       5.885153657084e+02 
       3.891361701487e-01       5.790270651164e+02 
       3.923500284823e-01       5.696330043051e+02 
       3.955638871628e-01       5.602458362045e+02 
       3.987777461815e-01       5.508799804790e+02 
       4.019916055305e-01       5.416290385514e+02 
       4.052054652017e-01       5.325186820782e+02 
       4.084193251876e-01       5.235146630465e+02 
       4.116331854808e-01       5.147062212806e+02 
       4.148470460741e-01       5.061225476703e+02 
       4.180609069605e-01       4.977964738431e+02 
       4.212747681333e-01       4.897200119551e+02 
       4.244886295860e-01       4.819216857370e+02 
       4.277024913123e-01       4.743797013889e+02 
       4.309163533060e-01       4.670827396487e+02 
       4.341302155611e-01       4.600060587083e+02 
       4.373440780719e-01       4.531244474923e+02 
       4.405579408327e-01       4.464936701044e+02 
       4.437718038381e-01       4.399977995940e+02 
       4.469856670829e-01       4.336542048725e+02 
       4.501995305617e-01       4.273791215532e+02 
       4.534133942698e-01       4.212827271218e+02 
       4.566272582021e-01       4.152176905938e+02 
       4.598411223541e-01       4.092212485553e+02 
       4.630549867210e-01       4.032941942448e+02 
       4.662688512985e-01       3.974425299311e+02 
       4.694827160821e-01       3.916712716234e+02 
       4.726965810677e-01       3.859492847942e+02 
       4.759104462513e-01       3.803969997834e+02 
       4.791243116286e-01       3.749106308543e+02 
       4.823381771960e-01       3.695171608619e+02 
       4.855520429496e-01       3.642524705092e+02 
       4.887659088857e-01       3.591156385472e+02 
       4.919797750007e-01       3.541137161928e+02 
       4.951936412912e-01       3.492465092427e+02 
       4.984075077537e-01       3.445070731843e+02 
       5.016213743849e-01       3.398836890563e+02 
       5.048352411815e-01       3.353633300070e+02 
       5.080491081405e-01       3.309344515601e+02 
       5.112629752588e-01       3.265988283325e+02 
       5.144768425334e-01       3.223283101103e+02 
       5.176907099612e-01       3.181349277431e+02 
       5.209045775396e-01       3.140080526534e+02 
       5.241184452657e-01       3.099147541905e+02 
       5.273323131368e-01       3.059053658235e+02 
       5.305461811503e-01       3.019499537138e+02 
       5.337600493036e-01       2.980748458464e+02 
       5.369739175941e-01       2.942297789553e+02 
       5.401877860195e-01       2.904473122088e+02 
       5.434016545773e-01       2.867332809069e+02 
       5.466155232651e-01       2.830937044273e+02 
       5.498293920807e-01       2.795127674079e+02 
       5.530432610219e-01       2.760083497667e+02 
       5.562571300865e-01       2.725685961587e+02 
       5.594709992723e-01       2.691929421851e+02 
       5.626848685772e-01       2.658809228907e+02 
       5.658987379993e-01       2.626332958731e+02 
       5.691126075365e-01       2.594497227567e+02 
       5.723264771869e-01       2.563274090350e+02 
       5.755403469485e-01       2.532619073981e+02 
       5.787542168196e-01       2.502559571866e+02 
       5.819680867983e-01       2.472890991729e+02 
       5.851819568828e-01       2.443630171673e+02 
       5.883958270714e-01       2.414842611936e+02 
       5.916096973624e-01       2.386502578363e+02 
       5.948235677541e-01       2.358604067729e+02 
       5.980374382449e-01       2.331154451453e+02 
       6.012513088332e-01       2.304115695948e+02 
       6.044651795175e-01       2.277476418999e+02 
       6.076790502962e-01       2.251247025166e+02 
       6.108929211677e-01       2.225370967617e+02 
       6.141067921308e-01       2.199891301417e+02 
       6.173206631839e-01       2.174834447441e+02 
       6.205345343256e-01       2.150216773083e+02 
       6.237484055545e-01       2.125970448191e+02 
       6.269622768694e-01       2.102199782588e+02 
       6.301761482688e-01       2.078818883996e+02 
       6.333900197516e-01       2.055796774435e+02 
       6.366038913164e-01       2.033129140424e+02 
       6.398177629620e-01       2.010874191371e+02 
       6.430316346871e-01       1.988921763724e+02 
       6.462455064906e-01       1.967321164848e+02 
       6.494593783714e-01       1.946066348941e+02 
       6.526732503283e-01       1.925132747875e+02 
       6.558871223601e-01       1.904494277455e+02 
       6.591009944657e-01       1.884133237982e+02 
       6.623148666442e-01       1.864042346527e+02 
       6.655287388943e-01       1.844234908986e+02 
       6.687426112152e-01       1.824718885368e+02 
       6.719564836057e-01       1.805500169266e+02 
       6.751703560649e-01       1.786576598149e+02 
       6.783842285918e-01       1.767932472718e+02 
       6.815981011854e-01       1.749549482951e+02 
       6.848119738448e-01       1.731418497069e+02 
       6.880258465691e-01       1.713537614319e+02 
       6.912397193574e-01       1.695912863842e+02 
       6.944535922087e-01       1.678557259274e+02 
       6.976674651222e-01       1.661471429058e+02 
       7.008813380971e-01       1.644647951013e+02 
       7.040952111324e-01       1.628071931254e+02 
       7.073090842275e-01       1.611724812077e+02 
       7.105229573814e-01       1.595593636948e+02 
       7.137368305933e-01       1.579673973941e+02 
       7.169507038626e-01       1.563971937177e+02 
       7.201645771883e-01       1.548493432484e+02 
       7.233784505698e-01       1.533241404123e+02 
       7.265923240064e-01       1.518205895213e+02 
       7.298061974972e-01       1.503376949033e+02 
       7.330200710416e-01       1.488737644952e+02 
       7.362339446388e-01       1.474280692728e+02 
       7.394478182883e-01       1.460005337325e+02 
       7.426616919892e-01       1.445919347942e+02 
       7.458755657410e-01       1.432028787993e+02 
       7.490894395429e-01       1.418340510766e+02 
       7.523033133944e-01       1.404843411330e+02 
       7.555171872948e-01       1.391529437929e+02 
       8.259205627815e-01       1.139000328391e+02 
       9.280150980228e-01       8.740190904388e+01 
       1.090552453521e+00       6.027319656946e+01 
