# dimensionless [l(l+1)/2pi] C_l's for tensor mode
# for l=2 to 500, i.e. number of multipoles equal to 499
#
# -> if you prefer output in CAMB/HealPix/LensPix units/order, set 'format' to 'camb' in input file
# -> if you don't want to see such a header, set 'headers' to 'no' in input file
#
# 1:l     2:TT                     3:EE                     4:TE                     5:BB                     6:phiphi                 7:TPhi                   8:Ephi               
    2       7.320675974223e-12       1.503487768098e-16       7.056963750744e-15       2.585661585074e-16       0.000000000000e+00       0.000000000000e+00       0.000000000000e+00 
    3       5.849382820627e-12       1.732321570318e-16      -1.728044665410e-15       2.756782662162e-16       0.000000000000e+00       0.000000000000e+00       0.000000000000e+00 
    4       5.417969462481e-12       1.682933236285e-16      -4.490131925139e-15       2.518125988438e-16       0.000000000000e+00       0.000000000000e+00       0.000000000000e+00 
    5       5.288586654591e-12       1.417494792909e-16      -5.026686461909e-15       2.065586572835e-16       0.000000000000e+00       0.000000000000e+00       0.000000000000e+00 
    6       5.239962420913e-12       1.077051772781e-16      -4.735006228191e-15       1.569847419345e-16       0.000000000000e+00       0.000000000000e+00       0.000000000000e+00 
    7       5.231581861205e-12       7.729147268806e-17      -4.190950028608e-15       1.139217708912e-16       0.000000000000e+00       0.000000000000e+00       0.000000000000e+00 
    8       5.243638890362e-12       5.619440839831e-17      -3.669742908891e-15       8.219710627480e-17       0.000000000000e+00       0.000000000000e+00       0.000000000000e+00 
    9       5.265486584542e-12       4.542785648302e-17      -3.283064937354e-15       6.242180790577e-17       0.000000000000e+00       0.000000000000e+00       0.000000000000e+00 
   10       5.291010168611e-12       4.323107019327e-17      -3.058690384482e-15       5.292907272408e-17       0.000000000000e+00       0.000000000000e+00       0.000000000000e+00 
   11       5.316709148270e-12       4.694660909042e-17      -2.987249884861e-15       5.118945832288e-17       0.000000000000e+00       0.000000000000e+00       0.000000000000e+00 
   12       5.340656405780e-12       5.414826394171e-17      -3.045332175689e-15       5.476534005259e-17       0.000000000000e+00       0.000000000000e+00       0.000000000000e+00 
   13       5.361789275935e-12       6.319403627220e-17      -3.208043114450e-15       6.167103237464e-17       0.000000000000e+00       0.000000000000e+00       0.000000000000e+00 
   14       5.379513758194e-12       7.314593220781e-17      -3.455469739866e-15       7.056240030083e-17       0.000000000000e+00       0.000000000000e+00       0.000000000000e+00 
   15       5.393530405958e-12       8.364287898950e-17      -3.771984323929e-15       8.057480576438e-17       0.000000000000e+00       0.000000000000e+00       0.000000000000e+00 
   16       5.403739109804e-12       9.456685412939e-17      -4.145847683230e-15       9.127065277894e-17       0.000000000000e+00       0.000000000000e+00       0.000000000000e+00 
   17       5.410166058968e-12       1.059207078954e-16      -4.569361122061e-15       1.024416488968e-16       0.000000000000e+00       0.000000000000e+00       0.000000000000e+00 
   18       5.412581663807e-12       1.177424694927e-16      -5.036485498169e-15       1.139911453013e-16       0.000000000000e+00       0.000000000000e+00       0.000000000000e+00 
   19       5.412144128509e-12       1.300284697047e-16      -5.543869592329e-15       1.258922330728e-16       0.000000000000e+00       0.000000000000e+00       0.000000000000e+00 
   20       5.407939010169e-12       1.427654649373e-16      -6.087299743692e-15       1.381421230039e-16       0.000000000000e+00       0.000000000000e+00       0.000000000000e+00 
   21       5.400718302517e-12       1.559406330448e-16      -6.664313314264e-15       1.507286721782e-16       0.000000000000e+00       0.000000000000e+00       0.000000000000e+00 
   22       5.390304100118e-12       1.695413228394e-16      -7.272284820337e-15       1.636426652893e-16       0.000000000000e+00       0.000000000000e+00       0.000000000000e+00 
   23       5.377247647173e-12       1.835428708994e-16      -7.909000569183e-15       1.768781591385e-16       0.000000000000e+00       0.000000000000e+00       0.000000000000e+00 
   24       5.361310642142e-12       1.979215683412e-16      -8.571921414448e-15       1.904314464906e-16       0.000000000000e+00       0.000000000000e+00       0.000000000000e+00 
   25       5.342936632279e-12       2.126795138969e-16      -9.258728665177e-15       2.042824830799e-16       0.000000000000e+00       0.000000000000e+00       0.000000000000e+00 
   26       5.322022258459e-12       2.278297419501e-16      -9.966982542045e-15       2.184080624966e-16       0.000000000000e+00       0.000000000000e+00       0.000000000000e+00 
   27       5.298791592041e-12       2.433762665967e-16      -1.069487503326e-14       2.327931663052e-16       0.000000000000e+00       0.000000000000e+00       0.000000000000e+00 
   28       5.273082335025e-12       2.593198247476e-16      -1.144066029201e-14       2.474259906982e-16       0.000000000000e+00       0.000000000000e+00       0.000000000000e+00 
   29       5.245426873129e-12       2.756493212535e-16      -1.220253511007e-14       2.622903832822e-16       0.000000000000e+00       0.000000000000e+00       0.000000000000e+00 
   30       5.215936788871e-12       2.923490404249e-16      -1.297854231259e-14       2.773696999367e-16       0.000000000000e+00       0.000000000000e+00       0.000000000000e+00 
   31       5.184181846611e-12       3.094011940929e-16      -1.376665002781e-14       2.926475309239e-16       0.000000000000e+00       0.000000000000e+00       0.000000000000e+00 
   32       5.150526648181e-12       3.267845424415e-16      -1.456518198129e-14       3.081045077733e-16       0.000000000000e+00       0.000000000000e+00       0.000000000000e+00 
   33       5.115155146491e-12       3.444749041468e-16      -1.537255187247e-14       3.237203273584e-16       0.000000000000e+00       0.000000000000e+00       0.000000000000e+00 
   34       5.077882076221e-12       3.624481705797e-16      -1.618717965946e-14       3.394745761262e-16       0.000000000000e+00       0.000000000000e+00       0.000000000000e+00 
   35       5.038951442251e-12       3.806902885804e-16      -1.700756919500e-14       3.553467496122e-16       0.000000000000e+00       0.000000000000e+00       0.000000000000e+00 
   36       4.998424157083e-12       3.991907671774e-16      -1.783226898245e-14       3.713162301138e-16       0.000000000000e+00       0.000000000000e+00       0.000000000000e+00 
   37       4.956125182309e-12       4.179383964053e-16      -1.865980231140e-14       3.873627858011e-16       0.000000000000e+00       0.000000000000e+00       0.000000000000e+00 
   38       4.912351412726e-12       4.369153375484e-16      -1.948847318776e-14       4.034683203875e-16       0.000000000000e+00       0.000000000000e+00       0.000000000000e+00 
   39       4.867334479731e-12       4.561010366200e-16      -2.031650302656e-14       4.196157399338e-16       0.000000000000e+00       0.000000000000e+00       0.000000000000e+00 
   40       4.821011447503e-12       4.754737086778e-16      -2.114208555139e-14       4.357885325497e-16       0.000000000000e+00       0.000000000000e+00       0.000000000000e+00 
   41       4.773169210825e-12       4.950131240493e-16      -2.196368099484e-14       4.519695261744e-16       0.000000000000e+00       0.000000000000e+00       0.000000000000e+00 
   42       4.724009027423e-12       5.147102390506e-16      -2.278100796964e-14       4.681365863425e-16       0.000000000000e+00       0.000000000000e+00       0.000000000000e+00 
   43       4.673713383931e-12       5.345605735263e-16      -2.359437862627e-14       4.842655803704e-16       0.000000000000e+00       0.000000000000e+00       0.000000000000e+00 
   44       4.622267637309e-12       5.545617389871e-16      -2.440445688772e-14       5.003314859079e-16       0.000000000000e+00       0.000000000000e+00       0.000000000000e+00 
   45       4.569565883627e-12       5.747096509525e-16      -2.521171936153e-14       5.163092450526e-16       0.000000000000e+00       0.000000000000e+00       0.000000000000e+00 
   46       4.515811254106e-12       5.949855312682e-16      -2.601459302740e-14       5.321767510352e-16       0.000000000000e+00       0.000000000000e+00       0.000000000000e+00 
   47       4.461202846997e-12       6.153652252821e-16      -2.681079894864e-14       5.479126679261e-16       0.000000000000e+00       0.000000000000e+00       0.000000000000e+00 
   48       4.405809605069e-12       6.358226711434e-16      -2.759785580663e-14       5.634956044106e-16       0.000000000000e+00       0.000000000000e+00       0.000000000000e+00 
   49       4.349558437635e-12       6.563297954013e-16      -2.837306999397e-14       5.789041150506e-16       0.000000000000e+00       0.000000000000e+00       0.000000000000e+00 
   50       4.292322974778e-12       6.768577828065e-16      -2.913374208890e-14       5.941169675726e-16       0.000000000000e+00       0.000000000000e+00       0.000000000000e+00 
   51       4.234245788251e-12       6.973815342649e-16      -2.987787533431e-14       6.091140273383e-16       0.000000000000e+00       0.000000000000e+00       0.000000000000e+00 
   52       4.175483101997e-12       7.178762384799e-16      -3.060364234264e-14       6.238756151340e-16       0.000000000000e+00       0.000000000000e+00       0.000000000000e+00 
   53       4.116104831411e-12       7.383160647190e-16      -3.130918579181e-14       6.383822755808e-16       0.000000000000e+00       0.000000000000e+00       0.000000000000e+00 
   54       4.056087441006e-12       7.586741230803e-16      -3.199261870090e-14       6.526147909147e-16       0.000000000000e+00       0.000000000000e+00       0.000000000000e+00 
   55       3.995375722553e-12       7.789243760141e-16      -3.265219900985e-14       6.665549661528e-16       0.000000000000e+00       0.000000000000e+00       0.000000000000e+00 
   56       3.934102463786e-12       7.990480199936e-16      -3.328690347353e-14       6.801881814320e-16       0.000000000000e+00       0.000000000000e+00       0.000000000000e+00 
   57       3.872410839754e-12       8.190286195919e-16      -3.389599681832e-14       6.935014978634e-16       0.000000000000e+00       0.000000000000e+00       0.000000000000e+00 
   58       3.810385913356e-12       8.388503306251e-16      -3.447887684208e-14       7.064829845792e-16       0.000000000000e+00       0.000000000000e+00       0.000000000000e+00 
   59       3.748050178211e-12       8.584979364418e-16      -3.503508148101e-14       7.191217625676e-16       0.000000000000e+00       0.000000000000e+00       0.000000000000e+00 
   60       3.685359101536e-12       8.779568842124e-16      -3.556429587647e-14       7.314080485069e-16       0.000000000000e+00       0.000000000000e+00       0.000000000000e+00 
   61       3.622254166432e-12       8.972128778919e-16      -3.606626012030e-14       7.433327434449e-16       0.000000000000e+00       0.000000000000e+00       0.000000000000e+00 
   62       3.558845994798e-12       9.162504682433e-16      -3.654045230583e-14       7.548859917839e-16       0.000000000000e+00       0.000000000000e+00       0.000000000000e+00 
   63       3.495264606133e-12       9.350542092863e-16      -3.698634655068e-14       7.660583751575e-16       0.000000000000e+00       0.000000000000e+00       0.000000000000e+00 
   64       3.431602964655e-12       9.536090954798e-16      -3.740350987840e-14       7.768413678538e-16       0.000000000000e+00       0.000000000000e+00       0.000000000000e+00 
   65       3.367914346581e-12       9.719005839452e-16      -3.779160613387e-14       7.872273662082e-16       0.000000000000e+00       0.000000000000e+00       0.000000000000e+00 
   66       3.304209707425e-12       9.899146166899e-16      -3.815039989875e-14       7.972097179963e-16       0.000000000000e+00       0.000000000000e+00       0.000000000000e+00 
   67       3.240455049276e-12       1.007637642830e-15      -3.847976040688e-14       8.067827518261e-16       0.000000000000e+00       0.000000000000e+00       0.000000000000e+00 
   68       3.176611469132e-12       1.025056404981e-15      -3.877961650333e-14       8.159412789325e-16       0.000000000000e+00       0.000000000000e+00       0.000000000000e+00 
   69       3.112770611898e-12       1.042157198498e-15      -3.904980217144e-14       8.246789156328e-16       0.000000000000e+00       0.000000000000e+00       0.000000000000e+00 
   70       3.049042060320e-12       1.058926501371e-15      -3.929018659554e-14       8.329894721969e-16       0.000000000000e+00       0.000000000000e+00       0.000000000000e+00 
   71       2.985511568888e-12       1.075351212675e-15      -3.950072296349e-14       8.408674659844e-16       0.000000000000e+00       0.000000000000e+00       0.000000000000e+00 
   72       2.922239522714e-12       1.091418668769e-15      -3.968145113003e-14       8.483081373438e-16       0.000000000000e+00       0.000000000000e+00       0.000000000000e+00 
   73       2.859259396408e-12       1.107116659478e-15      -3.983250028014e-14       8.553074655117e-16       0.000000000000e+00       0.000000000000e+00       0.000000000000e+00 
   74       2.796576212951e-12       1.122433444294e-15      -3.995409159240e-14       8.618621845118e-16       0.000000000000e+00       0.000000000000e+00       0.000000000000e+00 
   75       2.734165002570e-12       1.137357768560e-15      -4.004654090228e-14       8.679697990539e-16       0.000000000000e+00       0.000000000000e+00       0.000000000000e+00 
   76       2.671999279041e-12       1.151878773182e-15      -4.011020356402e-14       8.736283935005e-16       0.000000000000e+00       0.000000000000e+00       0.000000000000e+00 
   77       2.610145870299e-12       1.165985668940e-15      -4.014529154047e-14       8.788359834026e-16       0.000000000000e+00       0.000000000000e+00       0.000000000000e+00 
   78       2.548684661077e-12       1.179668031925e-15      -4.015202764245e-14       8.835910740494e-16       0.000000000000e+00       0.000000000000e+00       0.000000000000e+00 
   79       2.487679198975e-12       1.192915918541e-15      -4.013070182550e-14       8.878928683777e-16       0.000000000000e+00       0.000000000000e+00       0.000000000000e+00 
   80       2.427175768861e-12       1.205719879505e-15      -4.008167266793e-14       8.917412786275e-16       0.000000000000e+00       0.000000000000e+00       0.000000000000e+00 
   81       2.367202467287e-12       1.218070973862e-15      -4.000536884893e-14       8.951369379984e-16       0.000000000000e+00       0.000000000000e+00       0.000000000000e+00 
   82       2.307768276888e-12       1.229960782992e-15      -3.990229062660e-14       8.980812123045e-16       0.000000000000e+00       0.000000000000e+00       0.000000000000e+00 
   83       2.248862140789e-12       1.241381424615e-15      -3.977301131608e-14       9.005762116309e-16       0.000000000000e+00       0.000000000000e+00       0.000000000000e+00 
   84       2.190472357863e-12       1.252325497908e-15      -3.961812846055e-14       9.026245578252e-16       0.000000000000e+00       0.000000000000e+00       0.000000000000e+00 
   85       2.132650490307e-12       1.262785877714e-15      -3.943810480590e-14       9.042286171539e-16       0.000000000000e+00       0.000000000000e+00       0.000000000000e+00 
   86       2.075456402814e-12       1.272755911741e-15      -3.923340355044e-14       9.053911612156e-16       0.000000000000e+00       0.000000000000e+00       0.000000000000e+00 
   87       2.018938308248e-12       1.282229499084e-15      -3.900453693122e-14       9.061156072353e-16       0.000000000000e+00       0.000000000000e+00       0.000000000000e+00 
   88       1.963132183571e-12       1.291201103073e-15      -3.875206685667e-14       9.064060256169e-16       0.000000000000e+00       0.000000000000e+00       0.000000000000e+00 
   89       1.908061185783e-12       1.299665764124e-15      -3.847660553912e-14       9.062671474951e-16       0.000000000000e+00       0.000000000000e+00       0.000000000000e+00 
   90       1.853735067852e-12       1.307619112590e-15      -3.817881612743e-14       9.057043722880e-16       0.000000000000e+00       0.000000000000e+00       0.000000000000e+00 
   91       1.800149594645e-12       1.315057381610e-15      -3.785941333954e-14       9.047237752485e-16       0.000000000000e+00       0.000000000000e+00       0.000000000000e+00 
   92       1.747285958869e-12       1.321977419960e-15      -3.751916409509e-14       9.033321150175e-16       0.000000000000e+00       0.000000000000e+00       0.000000000000e+00 
   93       1.695127200636e-12       1.328376480309e-15      -3.715884134669e-14       9.015364200391e-16       0.000000000000e+00       0.000000000000e+00       0.000000000000e+00 
   94       1.643711559670e-12       1.334251519644e-15      -3.677907625690e-14       8.993426602514e-16       0.000000000000e+00       0.000000000000e+00       0.000000000000e+00 
   95       1.593086104736e-12       1.339599816899e-15      -3.638048485481e-14       8.967568886521e-16       0.000000000000e+00       0.000000000000e+00       0.000000000000e+00 
   96       1.543290099009e-12       1.344419197810e-15      -3.596371284663e-14       8.937856463810e-16       0.000000000000e+00       0.000000000000e+00       0.000000000000e+00 
   97       1.494354649410e-12       1.348708044680e-15      -3.552943560581e-14       8.904359644919e-16       0.000000000000e+00       0.000000000000e+00       0.000000000000e+00 
   98       1.446302355951e-12       1.352465306151e-15      -3.507835816324e-14       8.867153657235e-16       0.000000000000e+00       0.000000000000e+00       0.000000000000e+00 
   99       1.399146961072e-12       1.355690506966e-15      -3.461121519735e-14       8.826318662712e-16       0.000000000000e+00       0.000000000000e+00       0.000000000000e+00 
  100       1.352892998981e-12       1.358383757738e-15      -3.412877102431e-14       8.781939775577e-16       0.000000000000e+00       0.000000000000e+00       0.000000000000e+00 
  101       1.307535444992e-12       1.360545764721e-15      -3.363181958812e-14       8.734107080050e-16       0.000000000000e+00       0.000000000000e+00       0.000000000000e+00 
  102       1.263059364869e-12       1.362177839569e-15      -3.312118445083e-14       8.682915648055e-16       0.000000000000e+00       0.000000000000e+00       0.000000000000e+00 
  103       1.219439564160e-12       1.363281909114e-15      -3.259771878262e-14       8.628465556932e-16       0.000000000000e+00       0.000000000000e+00       0.000000000000e+00 
  104       1.176653455490e-12       1.363860275831e-15      -3.206226583402e-14       8.570857976781e-16       0.000000000000e+00       0.000000000000e+00       0.000000000000e+00 
  105       1.134722395278e-12       1.363914841385e-15      -3.151553429235e-14       8.510182792406e-16       0.000000000000e+00       0.000000000000e+00       0.000000000000e+00 
  106       1.093675303269e-12       1.363447795924e-15      -3.095820599099e-14       8.446529334509e-16       0.000000000000e+00       0.000000000000e+00       0.000000000000e+00 
  107       1.053535740300e-12       1.362461864939e-15      -3.039097348502e-14       8.379990135584e-16       0.000000000000e+00       0.000000000000e+00       0.000000000000e+00 
  108       1.014321702889e-12       1.360960316302e-15      -2.981453960716e-14       8.310660904429e-16       0.000000000000e+00       0.000000000000e+00       0.000000000000e+00 
  109       9.760454178288e-13       1.358946967285e-15      -2.922961702361e-14       8.238640500678e-16       0.000000000000e+00       0.000000000000e+00       0.000000000000e+00 
  110       9.387131367769e-13       1.356426191595e-15      -2.863692778994e-14       8.164030909313e-16       0.000000000000e+00       0.000000000000e+00       0.000000000000e+00 
  111       9.023249308492e-13       1.353402926394e-15      -2.803720290703e-14       8.086937215196e-16       0.000000000000e+00       0.000000000000e+00       0.000000000000e+00 
  112       8.668744852110e-13       1.349882679334e-15      -2.743118187686e-14       8.007467577584e-16       0.000000000000e+00       0.000000000000e+00       0.000000000000e+00 
  113       8.323488936684e-13       1.345871535582e-15      -2.681961225849e-14       7.925733204656e-16       0.000000000000e+00       0.000000000000e+00       0.000000000000e+00 
  114       7.987284532610e-13       1.341376164846e-15      -2.620324922390e-14       7.841848328033e-16       0.000000000000e+00       0.000000000000e+00       0.000000000000e+00 
  115       7.659864588529e-13       1.336403828404e-15      -2.558285511389e-14       7.755930177302e-16       0.000000000000e+00       0.000000000000e+00       0.000000000000e+00 
  116       7.340985282293e-13       1.330962035475e-15      -2.495917568946e-14       7.668095160337e-16       0.000000000000e+00       0.000000000000e+00       0.000000000000e+00 
  117       7.030723027537e-13       1.325057449902e-15      -2.433286655990e-14       7.578446931889e-16       0.000000000000e+00       0.000000000000e+00       0.000000000000e+00 
  118       6.729209888330e-13       1.318696863119e-15      -2.370455693412e-14       7.487086819767e-16       0.000000000000e+00       0.000000000000e+00       0.000000000000e+00 
  119       6.436540306957e-13       1.311887536802e-15      -2.307487148170e-14       7.394117430853e-16       0.000000000000e+00       0.000000000000e+00       0.000000000000e+00 
  120       6.152769892500e-13       1.304637206793e-15      -2.244442968272e-14       7.299642592082e-16       0.000000000000e+00       0.000000000000e+00       0.000000000000e+00 
  121       5.877914209422e-13       1.296954087032e-15      -2.181384517756e-14       7.203767291412e-16       0.000000000000e+00       0.000000000000e+00       0.000000000000e+00 
  122       5.611947566137e-13       1.288846873477e-15      -2.118372511678e-14       7.106597618800e-16       0.000000000000e+00       0.000000000000e+00       0.000000000000e+00 
  123       5.354801803602e-13       1.280324748041e-15      -2.055466951092e-14       7.008240707179e-16       0.000000000000e+00       0.000000000000e+00       0.000000000000e+00 
  124       5.106365083888e-13       1.271397382511e-15      -1.992727058036e-14       6.908804673433e-16       0.000000000000e+00       0.000000000000e+00       0.000000000000e+00 
  125       4.866480678763e-13       1.262074942479e-15      -1.930211210513e-14       6.808398559370e-16       0.000000000000e+00       0.000000000000e+00       0.000000000000e+00 
  126       4.634945758273e-13       1.252368091270e-15      -1.867976877478e-14       6.707132272697e-16       0.000000000000e+00       0.000000000000e+00       0.000000000000e+00 
  127       4.411510179319e-13       1.242287993868e-15      -1.806080553817e-14       6.605116527998e-16       0.000000000000e+00       0.000000000000e+00       0.000000000000e+00 
  128       4.195875274242e-13       1.231846320841e-15      -1.744577695334e-14       6.502462787707e-16       0.000000000000e+00       0.000000000000e+00       0.000000000000e+00 
  129       3.987767228054e-13       1.221054787979e-15      -1.683522001924e-14       6.399280250862e-16       0.000000000000e+00       0.000000000000e+00       0.000000000000e+00 
  130       3.787168884312e-13       1.209923709747e-15      -1.622963316295e-14       6.295666571262e-16       0.000000000000e+00       0.000000000000e+00       0.000000000000e+00 
  131       3.594111197676e-13       1.198463293822e-15      -1.562949370790e-14       6.191716004799e-16       0.000000000000e+00       0.000000000000e+00       0.000000000000e+00 
  132       3.408600253705e-13       1.186684091768e-15      -1.503526349542e-14       6.087522191036e-16       0.000000000000e+00       0.000000000000e+00       0.000000000000e+00 
  133       3.230616591163e-13       1.174596999635e-15      -1.444738818789e-14       5.983178073066e-16       0.000000000000e+00       0.000000000000e+00       0.000000000000e+00 
  134       3.060114524329e-13       1.162213258567e-15      -1.386629657199e-14       5.878775817355e-16       0.000000000000e+00       0.000000000000e+00       0.000000000000e+00 
  135       2.897021465307e-13       1.149544455409e-15      -1.329239986183e-14       5.774406733595e-16       0.000000000000e+00       0.000000000000e+00       0.000000000000e+00 
  136       2.741237246337e-13       1.136602523307e-15      -1.272609100217e-14       5.670161194552e-16       0.000000000000e+00       0.000000000000e+00       0.000000000000e+00 
  137       2.592633442097e-13       1.123399742317e-15      -1.216774397164e-14       5.566128555920e-16       0.000000000000e+00       0.000000000000e+00       0.000000000000e+00 
  138       2.451052692020e-13       1.109948740009e-15      -1.161771308590e-14       5.462397076168e-16       0.000000000000e+00       0.000000000000e+00       0.000000000000e+00 
  139       2.316308022600e-13       1.096262492071e-15      -1.107633230082e-14       5.359053836389e-16       0.000000000000e+00       0.000000000000e+00       0.000000000000e+00 
  140       2.188182169700e-13       1.082354322915e-15      -1.054391451574e-14       5.256184660153e-16       0.000000000000e+00       0.000000000000e+00       0.000000000000e+00 
  141       2.066426900863e-13       1.068237906281e-15      -1.002075087658e-14       5.153874033356e-16       0.000000000000e+00       0.000000000000e+00       0.000000000000e+00 
  142       1.950762337621e-13       1.053927265844e-15      -9.507110079100e-15       5.052205024068e-16       0.000000000000e+00       0.000000000000e+00       0.000000000000e+00 
  143       1.840876277801e-13       1.039436775818e-15      -9.003237672056e-15       4.951259202387e-16       0.000000000000e+00       0.000000000000e+00       0.000000000000e+00 
  144       1.736482845647e-13       1.024780585135e-15      -8.509369675270e-15       4.851115430010e-16       0.000000000000e+00       0.000000000000e+00       0.000000000000e+00 
  145       1.637506389527e-13       1.009970824739e-15      -8.025776417944e-15       4.751846263669e-16       0.000000000000e+00       0.000000000000e+00       0.000000000000e+00 
  146       1.543914510216e-13       9.950192238843e-16      -7.552721717736e-15       4.653521043115e-16       0.000000000000e+00       0.000000000000e+00       0.000000000000e+00 
  147       1.455660027309e-13       9.799376680052e-16      -7.090448344883e-15       4.556206903670e-16       0.000000000000e+00       0.000000000000e+00       0.000000000000e+00 
  148       1.372680642494e-13       9.647381960074e-16      -6.639177407665e-15       4.459968689582e-16       0.000000000000e+00       0.000000000000e+00       0.000000000000e+00 
  149       1.294898602829e-13       9.494329975614e-16      -6.199107737868e-15       4.364868867382e-16       0.000000000000e+00       0.000000000000e+00       0.000000000000e+00 
  150       1.222220364010e-13       9.340344103938e-16      -5.770415276247e-15       4.270967439239e-16       0.000000000000e+00       0.000000000000e+00       0.000000000000e+00 
  151       1.154536253649e-13       9.185549175802e-16      -5.353252457986e-15       4.178321856308e-16       0.000000000000e+00       0.000000000000e+00       0.000000000000e+00 
  152       1.091720134545e-13       9.030071448371e-16      -4.947747598166e-15       4.086986932091e-16       0.000000000000e+00       0.000000000000e+00       0.000000000000e+00 
  153       1.033629067959e-13       8.874038578141e-16      -4.554004277223e-15       3.997014755788e-16       0.000000000000e+00       0.000000000000e+00       0.000000000000e+00 
  154       9.801029768882e-14       8.717579593862e-16      -4.172100726415e-15       3.908454605649e-16       0.000000000000e+00       0.000000000000e+00       0.000000000000e+00 
  155       9.309643093360e-14       8.560824869462e-16      -3.802089213283e-15       3.821352862335e-16       0.000000000000e+00       0.000000000000e+00       0.000000000000e+00 
  156       8.860177015898e-14       8.403906096964e-16      -3.443995427113e-15       3.735752922266e-16       0.000000000000e+00       0.000000000000e+00       0.000000000000e+00 
  157       8.450496414922e-14       8.246956259414e-16      -3.097817864401e-15       3.651695110976e-16       0.000000000000e+00       0.000000000000e+00       0.000000000000e+00 
  158       8.078281317151e-14       8.090109603802e-16      -2.763527214314e-15       3.569216596471e-16       0.000000000000e+00       0.000000000000e+00       0.000000000000e+00 
  159       7.741023530334e-14       7.933501613981e-16      -2.441065744154e-15       3.488351302578e-16       0.000000000000e+00       0.000000000000e+00       0.000000000000e+00 
  160       7.436023275981e-14       7.777268983591e-16      -2.130346684823e-15       3.409129822305e-16       0.000000000000e+00       0.000000000000e+00       0.000000000000e+00 
  161       7.160818867709e-14       7.621543788809e-16      -1.831289020352e-15       3.331581348406e-16       0.000000000000e+00       0.000000000000e+00       0.000000000000e+00 
  162       6.914525516374e-14       7.466435484321e-16      -1.543926604003e-15       3.255739838865e-16       0.000000000000e+00       0.000000000000e+00       0.000000000000e+00 
  163       6.696609034847e-14       7.312047256042e-16      -1.268307562043e-15       3.181638233589e-16       0.000000000000e+00       0.000000000000e+00       0.000000000000e+00 
  164       6.506462076816e-14       7.158481624760e-16      -1.004459309485e-15       3.109306409479e-16       0.000000000000e+00       0.000000000000e+00       0.000000000000e+00 
  165       6.343402761905e-14       7.005840392368e-16      -7.523880984404e-16       3.038771103067e-16       0.000000000000e+00       0.000000000000e+00       0.000000000000e+00 
  166       6.206673300799e-14       6.854224588105e-16      -5.120785664738e-16       2.970055833148e-16       0.000000000000e+00       0.000000000000e+00       0.000000000000e+00 
  167       6.095438620371e-14       6.703734414788e-16      -2.834932849529e-16       2.903180823420e-16       0.000000000000e+00       0.000000000000e+00       0.000000000000e+00 
  168       6.008784988803e-14       6.554469195052e-16      -6.657230740237e-17       2.838162925113e-16       0.000000000000e+00       0.000000000000e+00       0.000000000000e+00 
  169       5.945718640708e-14       6.406527317585e-16       1.387672821436e-16       2.775015539631e-16       0.000000000000e+00       0.000000000000e+00       0.000000000000e+00 
  170       5.905164402259e-14       6.260006183364e-16       3.326318207889e-16       2.713748541179e-16       0.000000000000e+00       0.000000000000e+00       0.000000000000e+00 
  171       5.885964316310e-14       6.115002151892e-16       5.151515184225e-16       2.654368199408e-16       0.000000000000e+00       0.000000000000e+00       0.000000000000e+00 
  172       5.886876267519e-14       5.971610487434e-16       6.864809093664e-16       2.596877102040e-16       0.000000000000e+00       0.000000000000e+00       0.000000000000e+00 
  173       5.906572607475e-14       5.829925305253e-16       8.467993040225e-16       2.541274077513e-16       0.000000000000e+00       0.000000000000e+00       0.000000000000e+00 
  174       5.943638779817e-14       5.690039517847e-16       9.963112405203e-16       2.487554117606e-16       0.000000000000e+00       0.000000000000e+00       0.000000000000e+00 
  175       5.996571945363e-14       5.552044781186e-16       1.135246936364e-15       2.435708300085e-16       0.000000000000e+00       0.000000000000e+00       0.000000000000e+00 
  176       6.063779607232e-14       5.416031440947e-16       1.263862740081e-15       2.385723711328e-16       0.000000000000e+00       0.000000000000e+00       0.000000000000e+00 
  177       6.143578235967e-14       5.282088478750e-16       1.382441582867e-15       2.337583368967e-16       0.000000000000e+00       0.000000000000e+00       0.000000000000e+00 
  178       6.234191894658e-14       5.150303458396e-16       1.491293430235e-15       2.291266144521e-16       0.000000000000e+00       0.000000000000e+00       0.000000000000e+00 
  179       6.333750864071e-14       5.020762472104e-16       1.590755733663e-15       2.246746686030e-16       0.000000000000e+00       0.000000000000e+00       0.000000000000e+00 
  180       6.440570299008e-14       4.893546590586e-16       1.681143106627e-15       2.204001183190e-16       0.000000000000e+00       0.000000000000e+00       0.000000000000e+00 
  181       6.554013838832e-14       4.768721010044e-16       1.762590936018e-15       2.163025336806e-16       0.000000000000e+00       0.000000000000e+00       0.000000000000e+00 
  182       6.673696163416e-14       4.646344937237e-16       1.835200178045e-15       2.123817672458e-16       0.000000000000e+00       0.000000000000e+00       0.000000000000e+00 
  183       6.799208789788e-14       4.526474941950e-16       1.899087279480e-15       2.086373770916e-16       0.000000000000e+00       0.000000000000e+00       0.000000000000e+00 
  184       6.930119728684e-14       4.409164890353e-16       1.954384442289e-15       2.050686212291e-16       0.000000000000e+00       0.000000000000e+00       0.000000000000e+00 
  185       7.065973141088e-14       4.294465878356e-16       2.001239888257e-15       2.016744520195e-16       0.000000000000e+00       0.000000000000e+00       0.000000000000e+00 
  186       7.206288994784e-14       4.182426164977e-16       2.039818123621e-15       1.984535105889e-16       0.000000000000e+00       0.000000000000e+00       0.000000000000e+00 
  187       7.350562720898e-14       4.073091105692e-16       2.070300203693e-15       1.954041212444e-16       0.000000000000e+00       0.000000000000e+00       0.000000000000e+00 
  188       7.498264870447e-14       3.966503085801e-16       2.092883997494e-15       1.925242858890e-16       0.000000000000e+00       0.000000000000e+00       0.000000000000e+00 
  189       7.648840770886e-14       3.862701453782e-16       2.107784452380e-15       1.898116784375e-16       0.000000000000e+00       0.000000000000e+00       0.000000000000e+00 
  190       7.801710182652e-14       3.761722454654e-16       2.115233858670e-15       1.872636392315e-16       0.000000000000e+00       0.000000000000e+00       0.000000000000e+00 
  191       7.956266955712e-14       3.663599163334e-16       2.115482114275e-15       1.848771694554e-16       0.000000000000e+00       0.000000000000e+00       0.000000000000e+00 
  192       8.111878686113e-14       3.568361417999e-16       2.108796989328e-15       1.826489255513e-16       0.000000000000e+00       0.000000000000e+00       0.000000000000e+00 
  193       8.267886372520e-14       3.476035753439e-16       2.095464390810e-15       1.805752136348e-16       0.000000000000e+00       0.000000000000e+00       0.000000000000e+00 
  194       8.423604072772e-14       3.386645334424e-16       2.075788627180e-15       1.786519839101e-16       0.000000000000e+00       0.000000000000e+00       0.000000000000e+00 
  195       8.578318560422e-14       3.300209889058e-16       2.050092673006e-15       1.768748250862e-16       0.000000000000e+00       0.000000000000e+00       0.000000000000e+00 
  196       8.731288981285e-14       3.216745642139e-16       2.018718433587e-15       1.752389587912e-16       0.000000000000e+00       0.000000000000e+00       0.000000000000e+00 
  197       8.881746509987e-14       3.136265248520e-16       1.982027009589e-15       1.737392339889e-16       0.000000000000e+00       0.000000000000e+00       0.000000000000e+00 
  198       9.028894006509e-14       3.058777726466e-16       1.940398961669e-15       1.723701213935e-16       0.000000000000e+00       0.000000000000e+00       0.000000000000e+00 
  199       9.171905672735e-14       2.984288391014e-16       1.894234575104e-15       1.711257078853e-16       0.000000000000e+00       0.000000000000e+00       0.000000000000e+00 
  200       9.309926708996e-14       2.912798787334e-16       1.843954124420e-15       1.699996909261e-16       0.000000000000e+00       0.000000000000e+00       0.000000000000e+00 
  201       9.442208520210e-14       2.844308479092e-16       1.789942938006e-15       1.689862479046e-16       0.000000000000e+00       0.000000000000e+00       0.000000000000e+00 
  202       9.568525811214e-14       2.778820694494e-16       1.732381668663e-15       1.680827249870e-16       0.000000000000e+00       0.000000000000e+00       0.000000000000e+00 
  203       9.688788657352e-14       2.716336955501e-16       1.671404395308e-15       1.672871297874e-16       0.000000000000e+00       0.000000000000e+00       0.000000000000e+00 
  204       9.802909689518e-14       2.656855198303e-16       1.607152834127e-15       1.665972707223e-16       0.000000000000e+00       0.000000000000e+00       0.000000000000e+00 
  205       9.910804151328e-14       2.600369712164e-16       1.539776440058e-15       1.660107540112e-16       0.000000000000e+00       0.000000000000e+00       0.000000000000e+00 
  206       1.001238995628e-13       2.546871078260e-16       1.469432508273e-15       1.655249806785e-16       0.000000000000e+00       0.000000000000e+00       0.000000000000e+00 
  207       1.010758774493e-13       2.496346108524e-16       1.396286275663e-15       1.651371435544e-16       0.000000000000e+00       0.000000000000e+00       0.000000000000e+00 
  208       1.019632094205e-13       2.448777784483e-16       1.320511022321e-15       1.648442242764e-16       0.000000000000e+00       0.000000000000e+00       0.000000000000e+00 
  209       1.027851581379e-13       2.404145196105e-16       1.242288173028e-15       1.646429902907e-16       0.000000000000e+00       0.000000000000e+00       0.000000000000e+00 
  210       1.035410152485e-13       2.362423480639e-16       1.161807398736e-15       1.645299918533e-16       0.000000000000e+00       0.000000000000e+00       0.000000000000e+00 
  211       1.042301019564e-13       2.323583761454e-16       1.079266718049e-15       1.645015590315e-16       0.000000000000e+00       0.000000000000e+00       0.000000000000e+00 
  212       1.048517695948e-13       2.287593086884e-16       9.948725987114e-16       1.645537987052e-16       0.000000000000e+00       0.000000000000e+00       0.000000000000e+00 
  213       1.054054001970e-13       2.254414369069e-16       9.088400590875e-16       1.646825915681e-16       0.000000000000e+00       0.000000000000e+00       0.000000000000e+00 
  214       1.058904070686e-13       2.224006322793e-16       8.213927696486e-16       1.648835891292e-16       0.000000000000e+00       0.000000000000e+00       0.000000000000e+00 
  215       1.063062353590e-13       2.196323404334e-16       7.327631544553e-16       1.651522107141e-16       0.000000000000e+00       0.000000000000e+00       0.000000000000e+00 
  216       1.066523626331e-13       2.171315750295e-16       6.431924926416e-16       1.654836404660e-16       0.000000000000e+00       0.000000000000e+00       0.000000000000e+00 
  217       1.069282994427e-13       2.148929116455e-16       5.529310198986e-16       1.658728243476e-16       0.000000000000e+00       0.000000000000e+00       0.000000000000e+00 
  218       1.071335898987e-13       2.129104816605e-16       4.622380299587e-16       1.663144671418e-16       0.000000000000e+00       0.000000000000e+00       0.000000000000e+00 
  219       1.072678122422e-13       2.111779661392e-16       3.713819760791e-16       1.668030294535e-16       0.000000000000e+00       0.000000000000e+00       0.000000000000e+00 
  220       1.073305794163e-13       2.096885897161e-16       2.806405725256e-16       1.673327247107e-16       0.000000000000e+00       0.000000000000e+00       0.000000000000e+00 
  221       1.073215396381e-13       2.084351144795e-16       1.903008960568e-16       1.678975161658e-16       0.000000000000e+00       0.000000000000e+00       0.000000000000e+00 
  222       1.072403769701e-13       2.074098338558e-16       1.006594874075e-16       1.684911138970e-16       0.000000000000e+00       0.000000000000e+00       0.000000000000e+00 
  223       1.070868118916e-13       2.066045664935e-16       1.202245277277e-17       1.691069718097e-16       0.000000000000e+00       0.000000000000e+00       0.000000000000e+00 
  224       1.068608168036e-13       2.060115830328e-16      -7.533748415251e-17       1.697392003427e-16       0.000000000000e+00       0.000000000000e+00       0.000000000000e+00 
  225       1.065632767510e-13       2.056264652800e-16      -1.613131039828e-16       1.703853759919e-16       0.000000000000e+00       0.000000000000e+00       0.000000000000e+00 
  226       1.061953722928e-13       2.054454190458e-16      -2.458388691302e-16       1.710439066412e-16       0.000000000000e+00       0.000000000000e+00       0.000000000000e+00 
  227       1.057583694649e-13       2.054643539136e-16      -3.288486389905e-16       1.717131312817e-16       0.000000000000e+00       0.000000000000e+00       0.000000000000e+00 
  228       1.052536208642e-13       2.056788793447e-16      -4.102756709578e-16       1.723913191933e-16       0.000000000000e+00       0.000000000000e+00       0.000000000000e+00 
  229       1.046825667312e-13       2.060843007832e-16      -4.900526214393e-16       1.730766691263e-16       0.000000000000e+00       0.000000000000e+00       0.000000000000e+00 
  230       1.040467360340e-13       2.066756157620e-16      -5.681115468705e-16       1.737673084828e-16       0.000000000000e+00       0.000000000000e+00       0.000000000000e+00 
  231       1.033477475514e-13       2.074475100076e-16      -6.443839047295e-16       1.744612924987e-16       0.000000000000e+00       0.000000000000e+00       0.000000000000e+00 
  232       1.025873109565e-13       2.083943535457e-16      -7.188005545524e-16       1.751566034248e-16       0.000000000000e+00       0.000000000000e+00       0.000000000000e+00 
  233       1.017672279000e-13       2.095101968063e-16      -7.912917589479e-16       1.758511497085e-16       0.000000000000e+00       0.000000000000e+00       0.000000000000e+00 
  234       1.008893930934e-13       2.107887667292e-16      -8.617871846119e-16       1.765427651757e-16       0.000000000000e+00       0.000000000000e+00       0.000000000000e+00 
  235       9.995579539293e-14       2.122234628694e-16      -9.302159033429e-16       1.772292082120e-16       0.000000000000e+00       0.000000000000e+00       0.000000000000e+00 
  236       9.896851888238e-14       2.138073535022e-16      -9.965063930564e-16       1.779081609441e-16       0.000000000000e+00       0.000000000000e+00       0.000000000000e+00 
  237       9.792974395686e-14       2.155331717285e-16      -1.060586538800e-15       1.785772284221e-16       0.000000000000e+00       0.000000000000e+00       0.000000000000e+00 
  238       9.684174840611e-14       2.173933115805e-16      -1.122383633768e-15       1.792339378003e-16       0.000000000000e+00       0.000000000000e+00       0.000000000000e+00 
  239       9.570690849790e-14       2.193798241265e-16      -1.181824380316e-15       1.798757375193e-16       0.000000000000e+00       0.000000000000e+00       0.000000000000e+00 
  240       9.452770006140e-14       2.214844135767e-16      -1.238834890977e-15       1.804999964872e-16       0.000000000000e+00       0.000000000000e+00       0.000000000000e+00 
  241       9.330669957066e-14       2.236984333882e-16      -1.293340689475e-15       1.811040032615e-16       0.000000000000e+00       0.000000000000e+00       0.000000000000e+00 
  242       9.204658522794e-14       2.260128823706e-16      -1.345266711740e-15       1.816849652303e-16       0.000000000000e+00       0.000000000000e+00       0.000000000000e+00 
  243       9.075013804718e-14       2.284184007909e-16      -1.394537306923e-15       1.822400077942e-16       0.000000000000e+00       0.000000000000e+00       0.000000000000e+00 
  244       8.942024293734e-14       2.309052664793e-16      -1.441076238411e-15       1.827661735479e-16       0.000000000000e+00       0.000000000000e+00       0.000000000000e+00 
  245       8.805988978585e-14       2.334633909343e-16      -1.484806684844e-15       1.832604214612e-16       0.000000000000e+00       0.000000000000e+00       0.000000000000e+00 
  246       8.667217454201e-14       2.360823154278e-16      -1.525651241123e-15       1.837196260615e-16       0.000000000000e+00       0.000000000000e+00       0.000000000000e+00 
  247       8.526030030038e-14       2.387512071110e-16      -1.563531919433e-15       1.841405766146e-16       0.000000000000e+00       0.000000000000e+00       0.000000000000e+00 
  248       8.382757838417e-14       2.414588551192e-16      -1.598370150253e-15       1.845199763064e-16       0.000000000000e+00       0.000000000000e+00       0.000000000000e+00 
  249       8.237742942869e-14       2.441936666773e-16      -1.630086783373e-15       1.848544414249e-16       0.000000000000e+00       0.000000000000e+00       0.000000000000e+00 
  250       8.091298067324e-14       2.469451451248e-16      -1.658619382068e-15       1.851410916894e-16       0.000000000000e+00       0.000000000000e+00       0.000000000000e+00 
  251       7.943582982748e-14       2.497084266235e-16      -1.683975210358e-15       1.853793607101e-16       0.000000000000e+00       0.000000000000e+00       0.000000000000e+00 
  252       7.794721195706e-14       2.524799977535e-16      -1.706181306255e-15       1.855692884424e-16       0.000000000000e+00       0.000000000000e+00       0.000000000000e+00 
  253       7.644839716433e-14       2.552562361021e-16      -1.725267497727e-15       1.857109397531e-16       0.000000000000e+00       0.000000000000e+00       0.000000000000e+00 
  254       7.494069089948e-14       2.580334092026e-16      -1.741266436782e-15       1.858044047321e-16       0.000000000000e+00       0.000000000000e+00       0.000000000000e+00 
  255       7.342543427183e-14       2.608076734741e-16      -1.754213633557e-15       1.858497990049e-16       0.000000000000e+00       0.000000000000e+00       0.000000000000e+00 
  256       7.190400436098e-14       2.635750731606e-16      -1.764147490396e-15       1.858472640440e-16       0.000000000000e+00       0.000000000000e+00       0.000000000000e+00 
  257       7.037781452803e-14       2.663315392699e-16      -1.771109335943e-15       1.857969674815e-16       0.000000000000e+00       0.000000000000e+00       0.000000000000e+00 
  258       6.884831472684e-14       2.690728885136e-16      -1.775143459223e-15       1.856991034210e-16       0.000000000000e+00       0.000000000000e+00       0.000000000000e+00 
  259       6.731699181520e-14       2.717948222456e-16      -1.776297143730e-15       1.855538927495e-16       0.000000000000e+00       0.000000000000e+00       0.000000000000e+00 
  260       6.578536986605e-14       2.744929254019e-16      -1.774620701511e-15       1.853615834496e-16       0.000000000000e+00       0.000000000000e+00       0.000000000000e+00 
  261       6.425501047871e-14       2.771626654398e-16      -1.770167507249e-15       1.851224509117e-16       0.000000000000e+00       0.000000000000e+00       0.000000000000e+00 
  262       6.272751309008e-14       2.797993912769e-16      -1.762994032356e-15       1.848367982456e-16       0.000000000000e+00       0.000000000000e+00       0.000000000000e+00 
  263       6.120451528586e-14       2.823983322307e-16      -1.753159879049e-15       1.845049565931e-16       0.000000000000e+00       0.000000000000e+00       0.000000000000e+00 
  264       5.968769311177e-14       2.849545969576e-16      -1.740727814442e-15       1.841272854397e-16       0.000000000000e+00       0.000000000000e+00       0.000000000000e+00 
  265       5.817876138473e-14       2.874631723924e-16      -1.725763804630e-15       1.837041729267e-16       0.000000000000e+00       0.000000000000e+00       0.000000000000e+00 
  266       5.667947400412e-14       2.899189226874e-16      -1.708337048772e-15       1.832360361633e-16       0.000000000000e+00       0.000000000000e+00       0.000000000000e+00 
  267       5.519162426297e-14       2.923165881520e-16      -1.688520013180e-15       1.827233215387e-16       0.000000000000e+00       0.000000000000e+00       0.000000000000e+00 
  268       5.371704515916e-14       2.946507841913e-16      -1.666388465402e-15       1.821665050341e-16       0.000000000000e+00       0.000000000000e+00       0.000000000000e+00 
  269       5.225760970666e-14       2.969160002462e-16      -1.642021508307e-15       1.815660925346e-16       0.000000000000e+00       0.000000000000e+00       0.000000000000e+00 
  270       5.081523124674e-14       2.991065987321e-16      -1.615501614175e-15       1.809226201418e-16       0.000000000000e+00       0.000000000000e+00       0.000000000000e+00 
  271       4.939186375916e-14       3.012168139782e-16      -1.586914658774e-15       1.802366544851e-16       0.000000000000e+00       0.000000000000e+00       0.000000000000e+00 
  272       4.798950217341e-14       3.032407511672e-16      -1.556349955455e-15       1.795087930343e-16       0.000000000000e+00       0.000000000000e+00       0.000000000000e+00 
  273       4.661018267992e-14       3.051723852742e-16      -1.523900289230e-15       1.787396644113e-16       0.000000000000e+00       0.000000000000e+00       0.000000000000e+00 
  274       4.525598304125e-14       3.070055600060e-16      -1.489661950861e-15       1.779299287026e-16       0.000000000000e+00       0.000000000000e+00       0.000000000000e+00 
  275       4.392902290332e-14       3.087339867404e-16      -1.453734770946e-15       1.770802777708e-16       0.000000000000e+00       0.000000000000e+00       0.000000000000e+00 
  276       4.263146410665e-14       3.103512434658e-16      -1.416222154002e-15       1.761914355671e-16       0.000000000000e+00       0.000000000000e+00       0.000000000000e+00 
  277       4.136551099751e-14       3.118507737198e-16      -1.377231112551e-15       1.752641584432e-16       0.000000000000e+00       0.000000000000e+00       0.000000000000e+00 
  278       4.013341073921e-14       3.132258855291e-16      -1.336872301207e-15       1.742992354633e-16       0.000000000000e+00       0.000000000000e+00       0.000000000000e+00 
  279       3.893707648150e-14       3.144709478989e-16      -1.295248880143e-15       1.732975104436e-16       0.000000000000e+00       0.000000000000e+00       0.000000000000e+00 
  280       3.777693461841e-14       3.155850510803e-16      -1.252422396708e-15       1.722599486926e-16       0.000000000000e+00       0.000000000000e+00       0.000000000000e+00 
  281       3.665301841460e-14       3.165685338701e-16      -1.208445202588e-15       1.711875743368e-16       0.000000000000e+00       0.000000000000e+00       0.000000000000e+00 
  282       3.556533950093e-14       3.174218039167e-16      -1.163371482049e-15       1.700814492478e-16       0.000000000000e+00       0.000000000000e+00       0.000000000000e+00 
  283       3.451388760637e-14       3.181453384989e-16      -1.117257268867e-15       1.689426733886e-16       0.000000000000e+00       0.000000000000e+00       0.000000000000e+00 
  284       3.349863028982e-14       3.187396853047e-16      -1.070160463256e-15       1.677723851583e-16       0.000000000000e+00       0.000000000000e+00       0.000000000000e+00 
  285       3.251951267208e-14       3.192054632099e-16      -1.022140848787e-15       1.665717617378e-16       0.000000000000e+00       0.000000000000e+00       0.000000000000e+00 
  286       3.157645716765e-14       3.195433630573e-16      -9.732601093247e-16       1.653420194356e-16       0.000000000000e+00       0.000000000000e+00       0.000000000000e+00 
  287       3.066936321669e-14       3.197541484354e-16      -9.235818459442e-16       1.640844140324e-16       0.000000000000e+00       0.000000000000e+00       0.000000000000e+00 
  288       2.979810701688e-14       3.198386564570e-16      -8.731715938632e-16       1.628002411274e-16       0.000000000000e+00       0.000000000000e+00       0.000000000000e+00 
  289       2.896254125528e-14       3.197977985384e-16      -8.220968393657e-16       1.614908364831e-16       0.000000000000e+00       0.000000000000e+00       0.000000000000e+00 
  290       2.816249484027e-14       3.196325611780e-16      -7.704270367293e-16       1.601575763712e-16       0.000000000000e+00       0.000000000000e+00       0.000000000000e+00 
  291       2.739777263339e-14       3.193440067350e-16      -7.182336251508e-16       1.588018779175e-16       0.000000000000e+00       0.000000000000e+00       0.000000000000e+00 
  292       2.666815518125e-14       3.189332742087e-16      -6.655900456728e-16       1.574251994478e-16       0.000000000000e+00       0.000000000000e+00       0.000000000000e+00 
  293       2.597339844740e-14       3.184015800168e-16      -6.125717581102e-16       1.560290408332e-16       0.000000000000e+00       0.000000000000e+00       0.000000000000e+00 
  294       2.531323354424e-14       3.177502187745e-16      -5.592562579758e-16       1.546149438354e-16       0.000000000000e+00       0.000000000000e+00       0.000000000000e+00 
  295       2.468736646491e-14       3.169805640735e-16      -5.057230934073e-16       1.531844924523e-16       0.000000000000e+00       0.000000000000e+00       0.000000000000e+00 
  296       2.409547781513e-14       3.160940692603e-16      -4.520538820928e-16       1.517393132631e-16       0.000000000000e+00       0.000000000000e+00       0.000000000000e+00 
  297       2.353722254514e-14       3.150922682155e-16      -3.983323281980e-16       1.502810757743e-16       0.000000000000e+00       0.000000000000e+00       0.000000000000e+00 
  298       2.301222968156e-14       3.139767761326e-16      -3.446442392916e-16       1.488114927647e-16       0.000000000000e+00       0.000000000000e+00       0.000000000000e+00 
  299       2.252010205928e-14       3.127492902964e-16      -2.910775432719e-16       1.473323206307e-16       0.000000000000e+00       0.000000000000e+00       0.000000000000e+00 
  300       2.206041605335e-14       3.114115908625e-16      -2.377223052933e-16       1.458453597323e-16       0.000000000000e+00       0.000000000000e+00       0.000000000000e+00 
  301       2.163272131087e-14       3.099655416355e-16      -1.846707446921e-16       1.443524547379e-16       0.000000000000e+00       0.000000000000e+00       0.000000000000e+00 
  302       2.123654048286e-14       3.084130908481e-16      -1.320172519133e-16       1.428554949702e-16       0.000000000000e+00       0.000000000000e+00       0.000000000000e+00 
  303       2.087136895618e-14       3.067562719401e-16      -7.985840543628e-17       1.413564147515e-16       0.000000000000e+00       0.000000000000e+00       0.000000000000e+00 
  304       2.053667458537e-14       3.049972043369e-16      -2.829298870153e-17       1.398571937488e-16       0.000000000000e+00       0.000000000000e+00       0.000000000000e+00 
  305       2.023189742459e-14       3.031380942285e-16       2.257799296330e-17       1.383598573198e-16       0.000000000000e+00       0.000000000000e+00       0.000000000000e+00 
  306       1.995644945947e-14       3.011812353483e-16       7.265129541709e-17       1.368664768579e-16       0.000000000000e+00       0.000000000000e+00       0.000000000000e+00 
  307       1.970971433898e-14       2.991290097521e-16       1.218214187790e-16       1.353791701377e-16       0.000000000000e+00       0.000000000000e+00       0.000000000000e+00 
  308       1.949104710740e-14       2.969838885966e-16       1.699805905021e-16       1.339001016606e-16       0.000000000000e+00       0.000000000000e+00       0.000000000000e+00 
  309       1.929977393608e-14       2.947484329183e-16       2.170187484473e-16       1.324314830000e-16       0.000000000000e+00       0.000000000000e+00       0.000000000000e+00 
  310       1.913519185546e-14       2.924252944126e-16       2.628235239570e-16       1.309755731471e-16       0.000000000000e+00       0.000000000000e+00       0.000000000000e+00 
  311       1.899656848686e-14       2.900172162125e-16       3.072802249287e-16       1.295346788559e-16       0.000000000000e+00       0.000000000000e+00       0.000000000000e+00 
  312       1.888318624884e-14       2.875269737631e-16       3.502909385345e-16       1.281108243954e-16       0.000000000000e+00       0.000000000000e+00       0.000000000000e+00 
  313       1.879447779312e-14       2.849571928164e-16       3.918328537261e-16       1.267047431619e-16       0.000000000000e+00       0.000000000000e+00       0.000000000000e+00 
  314       1.872989632908e-14       2.823105245133e-16       4.319026118099e-16       1.253168399525e-16       0.000000000000e+00       0.000000000000e+00       0.000000000000e+00 
  315       1.868887150328e-14       2.795897052285e-16       4.704974373186e-16       1.239475172800e-16       0.000000000000e+00       0.000000000000e+00       0.000000000000e+00 
  316       1.867080918599e-14       2.767975572755e-16       5.076151445788e-16       1.225971753116e-16       0.000000000000e+00       0.000000000000e+00       0.000000000000e+00 
  317       1.867509125779e-14       2.739369896123e-16       5.432541442790e-16       1.212662118087e-16       0.000000000000e+00       0.000000000000e+00       0.000000000000e+00 
  318       1.870107539601e-14       2.710109985463e-16       5.774134500383e-16       1.199550220652e-16       0.000000000000e+00       0.000000000000e+00       0.000000000000e+00 
  319       1.874809486137e-14       2.680226684394e-16       6.100926849736e-16       1.186639988479e-16       0.000000000000e+00       0.000000000000e+00       0.000000000000e+00 
  320       1.881545828443e-14       2.649751724135e-16       6.412920882679e-16       1.173935323344e-16       0.000000000000e+00       0.000000000000e+00       0.000000000000e+00 
  321       1.890244945219e-14       2.618717730558e-16       6.710125217386e-16       1.161440100534e-16       0.000000000000e+00       0.000000000000e+00       0.000000000000e+00 
  322       1.900832709458e-14       2.587158231235e-16       6.992554764052e-16       1.149158168232e-16       0.000000000000e+00       0.000000000000e+00       0.000000000000e+00 
  323       1.913232467104e-14       2.555107662495e-16       7.260230790573e-16       1.137093346911e-16       0.000000000000e+00       0.000000000000e+00       0.000000000000e+00 
  324       1.927365015702e-14       2.522601376476e-16       7.513180988228e-16       1.125249428728e-16       0.000000000000e+00       0.000000000000e+00       0.000000000000e+00 
  325       1.943148583053e-14       2.489675648173e-16       7.751439537359e-16       1.113630176913e-16       0.000000000000e+00       0.000000000000e+00       0.000000000000e+00 
  326       1.960498805871e-14       2.456367682496e-16       7.975047173047e-16       1.102239325161e-16       0.000000000000e+00       0.000000000000e+00       0.000000000000e+00 
  327       1.979328708429e-14       2.422715621316e-16       8.184051250801e-16       1.091080577026e-16       0.000000000000e+00       0.000000000000e+00       0.000000000000e+00 
  328       1.999548681221e-14       2.388758550524e-16       8.378505812228e-16       1.080157605312e-16       0.000000000000e+00       0.000000000000e+00       0.000000000000e+00 
  329       2.021066459612e-14       2.354536507077e-16       8.558471650721e-16       1.069474051465e-16       0.000000000000e+00       0.000000000000e+00       0.000000000000e+00 
  330       2.043787102489e-14       2.320090486053e-16       8.724016377133e-16       1.059033524965e-16       0.000000000000e+00       0.000000000000e+00       0.000000000000e+00 
  331       2.067612970921e-14       2.285462447704e-16       8.875214485463e-16       1.048839602717e-16       0.000000000000e+00       0.000000000000e+00       0.000000000000e+00 
  332       2.092443706807e-14       2.250695324507e-16       9.012147418533e-16       1.038895828445e-16       0.000000000000e+00       0.000000000000e+00       0.000000000000e+00 
  333       2.118176211533e-14       2.215833028215e-16       9.134903633667e-16       1.029205712080e-16       0.000000000000e+00       0.000000000000e+00       0.000000000000e+00 
  334       2.144704624625e-14       2.180920456913e-16       9.243578668373e-16       1.019772729158e-16       0.000000000000e+00       0.000000000000e+00       0.000000000000e+00 
  335       2.171920302400e-14       2.146003502065e-16       9.338275206024e-16       1.010600320207e-16       0.000000000000e+00       0.000000000000e+00       0.000000000000e+00 
  336       2.199711796625e-14       2.111129055570e-16       9.419103141537e-16       1.001691890140e-16       0.000000000000e+00       0.000000000000e+00       0.000000000000e+00 
  337       2.227964833167e-14       2.076345016814e-16       9.486179647051e-16       9.930508076494e-17       0.000000000000e+00       0.000000000000e+00       0.000000000000e+00 
  338       2.256562290647e-14       2.041700299720e-16       9.539629237611e-16       9.846804045946e-17       0.000000000000e+00       0.000000000000e+00       0.000000000000e+00 
  339       2.285384179094e-14       2.007244839802e-16       9.579583836847e-16       9.765839753981e-17       0.000000000000e+00       0.000000000000e+00       0.000000000000e+00 
  340       2.314307618600e-14       1.973029601216e-16       9.606182842652e-16       9.687647764353e-17       0.000000000000e+00       0.000000000000e+00       0.000000000000e+00 
  341       2.343206817971e-14       1.939106583814e-16       9.619573192865e-16       9.612260254268e-17       0.000000000000e+00       0.000000000000e+00       0.000000000000e+00 
  342       2.371953053384e-14       1.905528830194e-16       9.619909430949e-16       9.539709008305e-17       0.000000000000e+00       0.000000000000e+00       0.000000000000e+00 
  343       2.400414647039e-14       1.872350432754e-16       9.607353771673e-16       9.470025412335e-17       0.000000000000e+00       0.000000000000e+00       0.000000000000e+00 
  344       2.428456945812e-14       1.839626540742e-16       9.582076166789e-16       9.403240447442e-17       0.000000000000e+00       0.000000000000e+00       0.000000000000e+00 
  345       2.455942299909e-14       1.807413367310e-16       9.544254370718e-16       9.339384683839e-17       0.000000000000e+00       0.000000000000e+00       0.000000000000e+00 
  346       2.482730041522e-14       1.775768196568e-16       9.494074006223e-16       9.278488274789e-17       0.000000000000e+00       0.000000000000e+00       0.000000000000e+00 
  347       2.508676463479e-14       1.744749390631e-16       9.431728630096e-16       9.220580950528e-17       0.000000000000e+00       0.000000000000e+00       0.000000000000e+00 
  348       2.533634797901e-14       1.714416396675e-16       9.357419798831e-16       9.165692012179e-17       0.000000000000e+00       0.000000000000e+00       0.000000000000e+00 
  349       2.557479919933e-14       1.684820274685e-16       9.271368455315e-16       9.113838108895e-17       0.000000000000e+00       0.000000000000e+00       0.000000000000e+00 
  350       2.580183635169e-14       1.655974832009e-16       9.173849476522e-16       9.064986021351e-17       0.000000000000e+00       0.000000000000e+00       0.000000000000e+00 
  351       2.601742477664e-14       1.627884303622e-16       9.065158689475e-16       9.019088320467e-17       0.000000000000e+00       0.000000000000e+00       0.000000000000e+00 
  352       2.622153269972e-14       1.600552720983e-16       8.945601756233e-16       8.976095426681e-17       0.000000000000e+00       0.000000000000e+00       0.000000000000e+00 
  353       2.641413126088e-14       1.573983909779e-16       8.815494250700e-16       8.935955591870e-17       0.000000000000e+00       0.000000000000e+00       0.000000000000e+00 
  354       2.659519454387e-14       1.548181487667e-16       8.675161735421e-16       8.898614881267e-17       0.000000000000e+00       0.000000000000e+00       0.000000000000e+00 
  355       2.676469960574e-14       1.523148862006e-16       8.524939838390e-16       8.864017155377e-17       0.000000000000e+00       0.000000000000e+00       0.000000000000e+00 
  356       2.692262650625e-14       1.498889227604e-16       8.365174329848e-16       8.832104051899e-17       0.000000000000e+00       0.000000000000e+00       0.000000000000e+00 
  357       2.706895833728e-14       1.475405564457e-16       8.196221199084e-16       8.802814967637e-17       0.000000000000e+00       0.000000000000e+00       0.000000000000e+00 
  358       2.720368125230e-14       1.452700635483e-16       8.018446731240e-16       8.776087040426e-17       0.000000000000e+00       0.000000000000e+00       0.000000000000e+00 
  359       2.732678449581e-14       1.430776984268e-16       7.832227584112e-16       8.751855131041e-17       0.000000000000e+00       0.000000000000e+00       0.000000000000e+00 
  360       2.743826043274e-14       1.409636932803e-16       7.637950864951e-16       8.730051805124e-17       0.000000000000e+00       0.000000000000e+00       0.000000000000e+00 
  361       2.753810457791e-14       1.389282579225e-16       7.436014207264e-16       8.710607315092e-17       0.000000000000e+00       0.000000000000e+00       0.000000000000e+00 
  362       2.762631562548e-14       1.369715795553e-16       7.226825847619e-16       8.693449582064e-17       0.000000000000e+00       0.000000000000e+00       0.000000000000e+00 
  363       2.770289547836e-14       1.350938225434e-16       7.010804702444e-16       8.678504177771e-17       0.000000000000e+00       0.000000000000e+00       0.000000000000e+00 
  364       2.776784927764e-14       1.332951281878e-16       6.788380444830e-16       8.665694306481e-17       0.000000000000e+00       0.000000000000e+00       0.000000000000e+00 
  365       2.782118543206e-14       1.315756144998e-16       6.559993581334e-16       8.654940786910e-17       0.000000000000e+00       0.000000000000e+00       0.000000000000e+00 
  366       2.786291564742e-14       1.299353759751e-16       6.326095528778e-16       8.646162034143e-17       0.000000000000e+00       0.000000000000e+00       0.000000000000e+00 
  367       2.789305495604e-14       1.283744833679e-16       6.087148691053e-16       8.639274041553e-17       0.000000000000e+00       0.000000000000e+00       0.000000000000e+00 
  368       2.791162174614e-14       1.268929834646e-16       5.843626535923e-16       8.634190362716e-17       0.000000000000e+00       0.000000000000e+00       0.000000000000e+00 
  369       2.791863779135e-14       1.254908988580e-16       5.596013671820e-16       8.630822093331e-17       0.000000000000e+00       0.000000000000e+00       0.000000000000e+00 
  370       2.791412828010e-14       1.241682277209e-16       5.344805924655e-16       8.629077853135e-17       0.000000000000e+00       0.000000000000e+00       0.000000000000e+00 
  371       2.789812184506e-14       1.229249435807e-16       5.090510414612e-16       8.628863767825e-17       0.000000000000e+00       0.000000000000e+00       0.000000000000e+00 
  372       2.787065059259e-14       1.217609950927e-16       4.833645632954e-16       8.630083450971e-17       0.000000000000e+00       0.000000000000e+00       0.000000000000e+00 
  373       2.783175013218e-14       1.206763058146e-16       4.574741518824e-16       8.632637985937e-17       0.000000000000e+00       0.000000000000e+00       0.000000000000e+00 
  374       2.778145960584e-14       1.196707739802e-16       4.314339536048e-16       8.636425907799e-17       0.000000000000e+00       0.000000000000e+00       0.000000000000e+00 
  375       2.771982171761e-14       1.187442722734e-16       4.052992749933e-16       8.641343185259e-17       0.000000000000e+00       0.000000000000e+00       0.000000000000e+00 
  376       2.764688276294e-14       1.178966476022e-16       3.791265904076e-16       8.647283202567e-17       0.000000000000e+00       0.000000000000e+00       0.000000000000e+00 
  377       2.756269265813e-14       1.171277208727e-16       3.529735497157e-16       8.654136741436e-17       0.000000000000e+00       0.000000000000e+00       0.000000000000e+00 
  378       2.746730496980e-14       1.164372867631e-16       3.268989859748e-16       8.661791962963e-17       0.000000000000e+00       0.000000000000e+00       0.000000000000e+00 
  379       2.736077694429e-14       1.158251134975e-16       3.009629231112e-16       8.670134389541e-17       0.000000000000e+00       0.000000000000e+00       0.000000000000e+00 
  380       2.724316953712e-14       1.152909426201e-16       2.752265836005e-16       8.679046886783e-17       0.000000000000e+00       0.000000000000e+00       0.000000000000e+00 
  381       2.711454744242e-14       1.148344887691e-16       2.497523961479e-16       8.688409645437e-17       0.000000000000e+00       0.000000000000e+00       0.000000000000e+00 
  382       2.697497912234e-14       1.144554394505e-16       2.246040033682e-16       8.698100163302e-17       0.000000000000e+00       0.000000000000e+00       0.000000000000e+00 
  383       2.682453683653e-14       1.141534548123e-16       1.998462694661e-16       8.707993227149e-17       0.000000000000e+00       0.000000000000e+00       0.000000000000e+00 
  384       2.666329667155e-14       1.139281674184e-16       1.755452879163e-16       8.717960894637e-17       0.000000000000e+00       0.000000000000e+00       0.000000000000e+00 
  385       2.649133857031e-14       1.137791820225e-16       1.517683891441e-16       8.727872476232e-17       0.000000000000e+00       0.000000000000e+00       0.000000000000e+00 
  386       2.630874636149e-14       1.137060753423e-16       1.285841482049e-16       8.737594517121e-17       0.000000000000e+00       0.000000000000e+00       0.000000000000e+00 
  387       2.611560778903e-14       1.137083958331e-16       1.060623924649e-16       8.746990779136e-17       0.000000000000e+00       0.000000000000e+00       0.000000000000e+00 
  388       2.591204758768e-14       1.137854469561e-16       8.426258396677e-17       8.755942388748e-17       0.000000000000e+00       0.000000000000e+00       0.000000000000e+00 
  389       2.569832801382e-14       1.139356285062e-16       6.319847177227e-17       8.764409148820e-17       0.000000000000e+00       0.000000000000e+00       0.000000000000e+00 
  390       2.547475213288e-14       1.141570702024e-16       4.287213248610e-17       8.772370484785e-17       0.000000000000e+00       0.000000000000e+00       0.000000000000e+00 
  391       2.524163116823e-14       1.144478455722e-16       2.328547462118e-17       8.779805483604e-17       0.000000000000e+00       0.000000000000e+00       0.000000000000e+00 
  392       2.499928455688e-14       1.148059715531e-16       4.440237036066e-18       8.786692891725e-17       0.000000000000e+00       0.000000000000e+00       0.000000000000e+00 
  393       2.474804000520e-14       1.152294080953e-16      -1.366201262775e-17       8.793011113026e-17       0.000000000000e+00       0.000000000000e+00       0.000000000000e+00 
  394       2.448823354464e-14       1.157160577624e-16      -3.101987950844e-17       8.798738206774e-17       0.000000000000e+00       0.000000000000e+00       0.000000000000e+00 
  395       2.422020958741e-14       1.162637653342e-16      -4.763214308646e-17       8.803851885569e-17       0.000000000000e+00       0.000000000000e+00       0.000000000000e+00 
  396       2.394432098221e-14       1.168703174080e-16      -6.349775874721e-17       8.808329513300e-17       0.000000000000e+00       0.000000000000e+00       0.000000000000e+00 
  397       2.366092906996e-14       1.175334420005e-16      -7.861585934366e-17       8.812148103094e-17       0.000000000000e+00       0.000000000000e+00       0.000000000000e+00 
  398       2.337040373944e-14       1.182508081501e-16      -9.298575675897e-17       8.815284315266e-17       0.000000000000e+00       0.000000000000e+00       0.000000000000e+00 
  399       2.307312348309e-14       1.190200255178e-16      -1.066069434692e-16       8.817714455271e-17       0.000000000000e+00       0.000000000000e+00       0.000000000000e+00 
  400       2.276947545266e-14       1.198386439901e-16      -1.194790941057e-16       8.819414471656e-17       0.000000000000e+00       0.000000000000e+00       0.000000000000e+00 
  401       2.245985551492e-14       1.207041532801e-16      -1.316020670181e-16       8.820359954011e-17       0.000000000000e+00       0.000000000000e+00       0.000000000000e+00 
  402       2.214466830741e-14       1.216139825297e-16      -1.429759058368e-16       8.820526130916e-17       0.000000000000e+00       0.000000000000e+00       0.000000000000e+00 
  403       2.182432729410e-14       1.225654999111e-16      -1.536008410353e-16       8.819887867898e-17       0.000000000000e+00       0.000000000000e+00       0.000000000000e+00 
  404       2.149925482114e-14       1.235560122291e-16      -1.634772914934e-16       8.818419665378e-17       0.000000000000e+00       0.000000000000e+00       0.000000000000e+00 
  405       2.116988217256e-14       1.245827645225e-16      -1.726058660594e-16       8.816095656623e-17       0.000000000000e+00       0.000000000000e+00       0.000000000000e+00 
  406       2.083664962596e-14       1.256429396663e-16      -1.809873651128e-16       8.812889605697e-17       0.000000000000e+00       0.000000000000e+00       0.000000000000e+00 
  407       2.050000650822e-14       1.267336579732e-16      -1.886227821272e-16       8.808774905412e-17       0.000000000000e+00       0.000000000000e+00       0.000000000000e+00 
  408       2.016041125126e-14       1.278519767958e-16      -1.955133052326e-16       8.803724575280e-17       0.000000000000e+00       0.000000000000e+00       0.000000000000e+00 
  409       1.981833144769e-14       1.289948901280e-16      -2.016603187780e-16       8.797711259462e-17       0.000000000000e+00       0.000000000000e+00       0.000000000000e+00 
  410       1.947424390653e-14       1.301593282073e-16      -2.070654048946e-16       8.790707224720e-17       0.000000000000e+00       0.000000000000e+00       0.000000000000e+00 
  411       1.912863470896e-14       1.313421571163e-16      -2.117303450578e-16       8.782684358369e-17       0.000000000000e+00       0.000000000000e+00       0.000000000000e+00 
  412       1.878199926398e-14       1.325401783847e-16      -2.156571216500e-16       8.773614166227e-17       0.000000000000e+00       0.000000000000e+00       0.000000000000e+00 
  413       1.843484236415e-14       1.337501285911e-16      -2.188479195235e-16       8.763467770565e-17       0.000000000000e+00       0.000000000000e+00       0.000000000000e+00 
  414       1.808767824129e-14       1.349686789647e-16      -2.213051275627e-16       8.752215908060e-17       0.000000000000e+00       0.000000000000e+00       0.000000000000e+00 
  415       1.774103062219e-14       1.361924349875e-16      -2.230313402473e-16       8.739828927744e-17       0.000000000000e+00       0.000000000000e+00       0.000000000000e+00 
  416       1.739543278432e-14       1.374179359957e-16      -2.240293592142e-16       8.726276788958e-17       0.000000000000e+00       0.000000000000e+00       0.000000000000e+00 
  417       1.705142761155e-14       1.386416547818e-16      -2.243021948208e-16       8.711529059300e-17       0.000000000000e+00       0.000000000000e+00       0.000000000000e+00 
  418       1.670956764982e-14       1.398599971964e-16      -2.238530677074e-16       8.695554912576e-17       0.000000000000e+00       0.000000000000e+00       0.000000000000e+00 
  419       1.637041516292e-14       1.410693017501e-16      -2.226854103597e-16       8.678323126754e-17       0.000000000000e+00       0.000000000000e+00       0.000000000000e+00 
  420       1.603454218812e-14       1.422658392151e-16      -2.208028686715e-16       8.659802081911e-17       0.000000000000e+00       0.000000000000e+00       0.000000000000e+00 
  421       1.570253059195e-14       1.434458122274e-16      -2.182093035075e-16       8.639959758189e-17       0.000000000000e+00       0.000000000000e+00       0.000000000000e+00 
  422       1.537497212585e-14       1.446053548881e-16      -2.149087922656e-16       8.618763733739e-17       0.000000000000e+00       0.000000000000e+00       0.000000000000e+00 
  423       1.505246848194e-14       1.457405323660e-16      -2.109056304399e-16       8.596181182680e-17       0.000000000000e+00       0.000000000000e+00       0.000000000000e+00 
  424       1.473563134866e-14       1.468473404986e-16      -2.062043331833e-16       8.572178873044e-17       0.000000000000e+00       0.000000000000e+00       0.000000000000e+00 
  425       1.442508246656e-14       1.479217053946e-16      -2.008096368697e-16       8.546723164729e-17       0.000000000000e+00       0.000000000000e+00       0.000000000000e+00 
  426       1.412145368393e-14       1.489594830353e-16      -1.947265006571e-16       8.519780007451e-17       0.000000000000e+00       0.000000000000e+00       0.000000000000e+00 
  427       1.382527995851e-14       1.499571083934e-16      -1.879623438066e-16       8.491325941644e-17       0.000000000000e+00       0.000000000000e+00       0.000000000000e+00 
  428       1.353667423966e-14       1.509135679208e-16      -1.805338382907e-16       8.461381517555e-17       0.000000000000e+00       0.000000000000e+00       0.000000000000e+00 
  429       1.325564163462e-14       1.518284933858e-16      -1.724603503531e-16       8.429979009095e-17       0.000000000000e+00       0.000000000000e+00       0.000000000000e+00 
  430       1.298218544866e-14       1.527015184469e-16      -1.637617286537e-16       8.397151518777e-17       0.000000000000e+00       0.000000000000e+00       0.000000000000e+00 
  431       1.271630717049e-14       1.535322786819e-16      -1.544583072988e-16       8.362932982891e-17       0.000000000000e+00       0.000000000000e+00       0.000000000000e+00 
  432       1.245800645770e-14       1.543204116161e-16      -1.445709088723e-16       8.327358176681e-17       0.000000000000e+00       0.000000000000e+00       0.000000000000e+00 
  433       1.220728112213e-14       1.550655567504e-16      -1.341208474658e-16       8.290462719517e-17       0.000000000000e+00       0.000000000000e+00       0.000000000000e+00 
  434       1.196412711533e-14       1.557673555896e-16      -1.231299317098e-16       8.252283080075e-17       0.000000000000e+00       0.000000000000e+00       0.000000000000e+00 
  435       1.172853851394e-14       1.564254516711e-16      -1.116204678037e-16       8.212856581508e-17       0.000000000000e+00       0.000000000000e+00       0.000000000000e+00 
  436       1.150050750515e-14       1.570394905929e-16      -9.961526254721e-17       8.172221406628e-17       0.000000000000e+00       0.000000000000e+00       0.000000000000e+00 
  437       1.128002437208e-14       1.576091200419e-16      -8.713762637051e-17       8.130416603076e-17       0.000000000000e+00       0.000000000000e+00       0.000000000000e+00 
  438       1.106707747920e-14       1.581339898223e-16      -7.421137636502e-17       8.087482088499e-17       0.000000000000e+00       0.000000000000e+00       0.000000000000e+00 
  439       1.086165325778e-14       1.586137518840e-16      -6.086083931412e-17       8.043458655729e-17       0.000000000000e+00       0.000000000000e+00       0.000000000000e+00 
  440       1.066373619126e-14       1.590480603510e-16      -4.711085472379e-17       7.998387977953e-17       0.000000000000e+00       0.000000000000e+00       0.000000000000e+00 
  441       1.047330880070e-14       1.594365715492e-16      -3.298677785324e-17       7.952312613894e-17       0.000000000000e+00       0.000000000000e+00       0.000000000000e+00 
  442       1.029035163018e-14       1.597789440353e-16      -1.851448274560e-17       7.905276012984e-17       0.000000000000e+00       0.000000000000e+00       0.000000000000e+00 
  443       1.011484323222e-14       1.600748386249e-16      -3.720365258567e-18       7.857322520541e-17       0.000000000000e+00       0.000000000000e+00       0.000000000000e+00 
  444       9.946760153215e-15       1.603239184209e-16       1.136865390492e-17       7.808497382941e-17       0.000000000000e+00       0.000000000000e+00       0.000000000000e+00 
  445       9.786076918810e-15       1.605258488415e-16       2.672512616603e-17       7.758846752799e-17       0.000000000000e+00       0.000000000000e+00       0.000000000000e+00 
  446       9.632766019360e-15       1.606802976489e-16       4.232107203939e-17       7.708417694143e-17       0.000000000000e+00       0.000000000000e+00       0.000000000000e+00 
  447       9.486797895321e-15       1.607869349776e-16       5.812797810240e-17       7.657258187585e-17       0.000000000000e+00       0.000000000000e+00       0.000000000000e+00 
  448       9.348140922676e-15       1.608454333623e-16       7.411679396458e-17       7.605417135506e-17       0.000000000000e+00       0.000000000000e+00       0.000000000000e+00 
  449       9.216761398348e-15       1.608554677668e-16       9.025792923693e-17       7.552944367221e-17       0.000000000000e+00       0.000000000000e+00       0.000000000000e+00 
  450       9.092623525619e-15       1.608167156119e-16       1.065212505012e-16       7.499890644163e-17       0.000000000000e+00       0.000000000000e+00       0.000000000000e+00 
  451       8.975689399545e-15       1.607288568038e-16       1.228760782794e-16       7.446307665055e-17       0.000000000000e+00       0.000000000000e+00       0.000000000000e+00 
  452       8.865918992373e-15       1.605915737626e-16       1.392911840029e-16       7.392248071086e-17       0.000000000000e+00       0.000000000000e+00       0.000000000000e+00 
  453       8.763270138958e-15       1.604045514503e-16       1.557347869820e-16       7.337765451087e-17       0.000000000000e+00       0.000000000000e+00       0.000000000000e+00 
  454       8.667698522178e-15       1.601674773996e-16       1.721745513750e-16       7.282914346707e-17       0.000000000000e+00       0.000000000000e+00       0.000000000000e+00 
  455       8.579157658354e-15       1.598800417417e-16       1.885775831578e-16       7.227750257589e-17       0.000000000000e+00       0.000000000000e+00       0.000000000000e+00 
  456       8.497598882663e-15       1.595419372348e-16       2.049104270932e-16       7.172329646543e-17       0.000000000000e+00       0.000000000000e+00       0.000000000000e+00 
  457       8.422971334555e-15       1.591528592927e-16       2.211390637001e-16       7.116709944726e-17       0.000000000000e+00       0.000000000000e+00       0.000000000000e+00 
  458       8.355221943172e-15       1.587125060126e-16       2.372289062229e-16       7.060949556813e-17       0.000000000000e+00       0.000000000000e+00       0.000000000000e+00 
  459       8.294295412763e-15       1.582205782039e-16       2.531447976008e-16       7.005107866178e-17       0.000000000000e+00       0.000000000000e+00       0.000000000000e+00 
  460       8.240134208100e-15       1.576767794163e-16       2.688510074375e-16       6.949245240063e-17       0.000000000000e+00       0.000000000000e+00       0.000000000000e+00 
  461       8.192678539895e-15       1.570808159681e-16       2.843112289698e-16       6.893423034762e-17       0.000000000000e+00       0.000000000000e+00       0.000000000000e+00 
  462       8.151866350218e-15       1.564323969746e-16       2.994885760376e-16       6.837703600788e-17       0.000000000000e+00       0.000000000000e+00       0.000000000000e+00 
  463       8.117633297912e-15       1.557312343762e-16       3.143455800532e-16       6.782150288055e-17       0.000000000000e+00       0.000000000000e+00       0.000000000000e+00 
  464       8.089912744008e-15       1.549770429671e-16       3.288441869700e-16       6.726827451051e-17       0.000000000000e+00       0.000000000000e+00       0.000000000000e+00 
  465       8.068635737146e-15       1.541695404234e-16       3.429457542527e-16       6.671800454014e-17       0.000000000000e+00       0.000000000000e+00       0.000000000000e+00 
  466       8.053713561704e-15       1.533087393567e-16       3.566173643860e-16       6.617127432193e-17       0.000000000000e+00       0.000000000000e+00       0.000000000000e+00 
  467       8.044984812657e-15       1.523958334458e-16       3.698509883411e-16       6.562834282226e-17       0.000000000000e+00       0.000000000000e+00       0.000000000000e+00 
  468       8.042266640788e-15       1.514323390075e-16       3.826449140270e-16       6.508938901670e-17       0.000000000000e+00       0.000000000000e+00       0.000000000000e+00 
  469       8.045372016574e-15       1.504198056591e-16       3.949974842480e-16       6.455459363015e-17       0.000000000000e+00       0.000000000000e+00       0.000000000000e+00 
  470       8.054109705991e-15       1.493598165075e-16       4.069070971559e-16       6.402413914307e-17       0.000000000000e+00       0.000000000000e+00       0.000000000000e+00 
  471       8.068284246316e-15       1.482539883392e-16       4.183722067024e-16       6.349820979787e-17       0.000000000000e+00       0.000000000000e+00       0.000000000000e+00 
  472       8.087695921924e-15       1.471039718090e-16       4.293913230917e-16       6.297699160511e-17       0.000000000000e+00       0.000000000000e+00       0.000000000000e+00 
  473       8.112140740093e-15       1.459114516295e-16       4.399630132326e-16       6.246067234988e-17       0.000000000000e+00       0.000000000000e+00       0.000000000000e+00 
  474       8.141410406805e-15       1.446781467608e-16       4.500859011910e-16       6.194944159804e-17       0.000000000000e+00       0.000000000000e+00       0.000000000000e+00 
  475       8.175292302545e-15       1.434058105993e-16       4.597586686424e-16       6.144349070255e-17       0.000000000000e+00       0.000000000000e+00       0.000000000000e+00 
  476       8.213569458106e-15       1.420962311675e-16       4.689800553240e-16       6.094301280977e-17       0.000000000000e+00       0.000000000000e+00       0.000000000000e+00 
  477       8.256020530388e-15       1.407512313032e-16       4.777488594872e-16       6.044820286575e-17       0.000000000000e+00       0.000000000000e+00       0.000000000000e+00 
  478       8.302419778201e-15       1.393726688486e-16       4.860639383501e-16       5.995925762252e-17       0.000000000000e+00       0.000000000000e+00       0.000000000000e+00 
  479       8.352537038062e-15       1.379624368400e-16       4.939242085496e-16       5.947637564440e-17       0.000000000000e+00       0.000000000000e+00       0.000000000000e+00 
  480       8.406137700004e-15       1.365224636971e-16       5.013286465941e-16       5.899975731429e-17       0.000000000000e+00       0.000000000000e+00       0.000000000000e+00 
  481       8.462982683370e-15       1.350547134121e-16       5.082762893155e-16       5.852960484000e-17       0.000000000000e+00       0.000000000000e+00       0.000000000000e+00 
  482       8.522828412620e-15       1.335611857392e-16       5.147662343221e-16       5.806612226050e-17       0.000000000000e+00       0.000000000000e+00       0.000000000000e+00 
  483       8.585426793128e-15       1.320439163841e-16       5.207976404502e-16       5.760951545224e-17       0.000000000000e+00       0.000000000000e+00       0.000000000000e+00 
  484       8.650525186987e-15       1.305049771930e-16       5.263697282173e-16       5.715999213547e-17       0.000000000000e+00       0.000000000000e+00       0.000000000000e+00 
  485       8.717866388807e-15       1.289464763422e-16       5.314817802739e-16       5.671776188050e-17       0.000000000000e+00       0.000000000000e+00       0.000000000000e+00 
  486       8.787188601519e-15       1.273705585274e-16       5.361331418562e-16       5.628303611403e-17       0.000000000000e+00       0.000000000000e+00       0.000000000000e+00 
  487       8.858225412176e-15       1.257794051531e-16       5.403232212382e-16       5.585602812545e-17       0.000000000000e+00       0.000000000000e+00       0.000000000000e+00 
  488       8.930705767753e-15       1.241752345217e-16       5.440514901842e-16       5.543695307308e-17       0.000000000000e+00       0.000000000000e+00       0.000000000000e+00 
  489       9.004353950951e-15       1.225603020232e-16       5.473174844014e-16       5.502602799057e-17       0.000000000000e+00       0.000000000000e+00       0.000000000000e+00 
  490       9.078889555994e-15       1.209369003242e-16       5.501208039919e-16       5.462347179310e-17       0.000000000000e+00       0.000000000000e+00       0.000000000000e+00 
  491       9.154027464435e-15       1.193073595575e-16       5.524611139052e-16       5.422950528374e-17       0.000000000000e+00       0.000000000000e+00       0.000000000000e+00 
  492       9.229477820956e-15       1.176740475114e-16       5.543381443907e-16       5.384435115974e-17       0.000000000000e+00       0.000000000000e+00       0.000000000000e+00 
  493       9.304946009168e-15       1.160393698189e-16       5.557516914499e-16       5.346823401879e-17       0.000000000000e+00       0.000000000000e+00       0.000000000000e+00 
  494       9.380132627412e-15       1.144057701473e-16       5.567016172890e-16       5.310138036538e-17       0.000000000000e+00       0.000000000000e+00       0.000000000000e+00 
  495       9.454733464564e-15       1.127757303871e-16       5.571878507709e-16       5.274401861704e-17       0.000000000000e+00       0.000000000000e+00       0.000000000000e+00 
  496       9.528439475833e-15       1.111517708420e-16       5.572103878680e-16       5.239637911068e-17       0.000000000000e+00       0.000000000000e+00       0.000000000000e+00 
  497       9.600936758563e-15       1.095364504177e-16       5.567692921143e-16       5.205869410886e-17       0.000000000000e+00       0.000000000000e+00       0.000000000000e+00 
  498       9.671906528037e-15       1.079323668114e-16       5.558646950578e-16       5.173119780611e-17       0.000000000000e+00       0.000000000000e+00       0.000000000000e+00 
  499       9.741025093273e-15       1.063421567011e-16       5.544967967129e-16       5.141412633523e-17       0.000000000000e+00       0.000000000000e+00       0.000000000000e+00 
  500       9.807963832832e-15       1.047684959354e-16       5.526658660130e-16       5.110771777357e-17       0.000000000000e+00       0.000000000000e+00       0.000000000000e+00 
