# Matter power spectrum P(k) at redshift z=0
# for k=1.01651e-05 to 1.05047 h/Mpc,
# number of wavenumbers equal to 604
#    1:k (h/Mpc)              2:P (Mpc/h)^3        
       1.016512238340e-05       1.723231871006e+04 
       2.269836962790e-05       9.321586365587e+02 
       3.527334288906e-05       6.729814680447e+01 
       4.792207025522e-05       2.485576873177e+00 
       6.067708152277e-05       5.313943921224e+01 
       7.357168286304e-05       1.257345281438e+02 
       8.664023982295e-05       2.015689286643e+02 
       9.991847223806e-05       2.765387851269e+02 
       1.134437646648e-04       3.500617505518e+02 
       1.272554959701e-04       4.224708419432e+02 
       1.413953917293e-04       4.943134602853e+02 
       1.559079030524e-04       5.661555381809e+02 
       1.708406153436e-04       6.385332152858e+02 
       1.862446902463e-04       7.119492143874e+02 
       2.021753435750e-04       7.868818698555e+02 
       2.186923612795e-04       8.637968355522e+02 
       2.358606543210e-04       9.431582525506e+02 
       2.537508515962e-04       1.025438688447e+03 
       2.724399275397e-04       1.111127730978e+03 
       2.920118575231e-04       1.200739340930e+03 
       3.125582893768e-04       1.294817952461e+03 
       3.341792129825e-04       1.393943261028e+03 
       3.569836016073e-04       1.498733429758e+03 
       3.810899882258e-04       1.609846264350e+03 
       4.066269273864e-04       1.727977733316e+03 
       4.337332783873e-04       1.853857062225e+03 
       4.625582292912e-04       1.988237514246e+03 
       4.932609649930e-04       2.131881997464e+03 
       5.260098685578e-04       2.285542937801e+03 
       5.609811370090e-04       2.449936444480e+03 
       5.983566956108e-04       2.625711929202e+03 
       6.383213144204e-04       2.813419928644e+03 
       6.810588734856e-04       3.013482827254e+03 
       7.267477928842e-04       3.226174923353e+03 
       7.755557410205e-04       3.451618875779e+03 
       8.276338524315e-04       3.689803689038e+03 
       8.831108091381e-04       3.940623966939e+03 
       9.420872430855e-04       4.203931264273e+03 
       1.004630972780e-03       4.479578593864e+03 
       1.070773569644e-03       4.767433614879e+03 
       1.140508646892e-03       5.067341422037e+03 
       1.213792084750e-03       5.379037075687e+03 
       1.290544181360e-03       5.702036528913e+03 
       1.370653493948e-03       6.035523196978e+03 
       1.453981955828e-03       6.378439046216e+03 
       1.540370753800e-03       6.729516675611e+03 
       1.629646437665e-03       7.087428283253e+03 
       1.721626796957e-03       7.450943744643e+03 
       1.816126152912e-03       7.818994228977e+03 
       1.912959845405e-03       8.190633667358e+03 
       2.011947819053e-03       8.564948595462e+03 
       2.112917313223e-03       8.940998040710e+03 
       2.215704730543e-03       9.317832516384e+03 
       2.320156798643e-03       9.694571271546e+03 
       2.426131155702e-03       1.007046972263e+04 
       2.533496488812e-03       1.044492389430e+04 
       2.642132342079e-03       1.081741721289e+04 
       2.751928693967e-03       1.118746387442e+04 
       2.862785384548e-03       1.155459557478e+04 
       2.974611455373e-03       1.191839173002e+04 
       3.087324448931e-03       1.227851143736e+04 
       3.200849701475e-03       1.263469224227e+04 
       3.315119652561e-03       1.298671760693e+04 
       3.430073186497e-03       1.333438823756e+04 
       3.545655014909e-03       1.367751745717e+04 
       3.661815105170e-03       1.401594841748e+04 
       3.778508156387e-03       1.434956756464e+04 
       3.895693122493e-03       1.467829628034e+04 
       4.013332780652e-03       1.500207091363e+04 
       4.131393342320e-03       1.532083084611e+04 
       4.249844103863e-03       1.563452367693e+04 
       4.368657133454e-03       1.594311634535e+04 
       4.487806990946e-03       1.624659773003e+04 
       4.607270477526e-03       1.654496835897e+04 
       4.727026412141e-03       1.683823040501e+04 
       4.847055431896e-03       1.712638673001e+04 
       4.967339813860e-03       1.740944729499e+04 
       5.087863315936e-03       1.768743427410e+04 
       5.208611034713e-03       1.796037474516e+04 
       5.329569278403e-03       1.822830288922e+04 
       5.450725453178e-03       1.849124936873e+04 
       5.572067961423e-03       1.874924600576e+04 
       5.693586110555e-03       1.900233028364e+04 
       5.815270031251e-03       1.925054591026e+04 
       5.937110604016e-03       1.949393723119e+04 
       6.059099393186e-03       1.973254710486e+04 
       6.181228587541e-03       1.996641798585e+04 
       6.303490946804e-03       2.019559458591e+04 
       6.425879753391e-03       2.042012566694e+04 
       6.548388768841e-03       2.064006104956e+04 
       6.671012194431e-03       2.085544913842e+04 
       6.793744635527e-03       2.106633682721e+04 
       6.916581069289e-03       2.127277176056e+04 
       7.039516815369e-03       2.147480402165e+04 
       7.162547509297e-03       2.167248473932e+04 
       7.285669078290e-03       2.186586283777e+04 
       7.408877719229e-03       2.205498663663e+04 
       7.532169878588e-03       2.223990394388e+04 
       7.655542234126e-03       2.242066365359e+04 
       7.778991678174e-03       2.259731512686e+04 
       7.902515302345e-03       2.276990732651e+04 
       8.026110383553e-03       2.293848698729e+04 
       8.149774371197e-03       2.310310093255e+04 
       8.273504875420e-03       2.326379596138e+04 
       8.397299656321e-03       2.342061999514e+04 
       8.521156614055e-03       2.357361968396e+04 
       8.645073779722e-03       2.372284121063e+04 
       8.769049306989e-03       2.386832897464e+04 
       8.893081464368e-03       2.401012887687e+04 
       9.017168628096e-03       2.414828558992e+04 
       9.141309275575e-03       2.428284504887e+04 
       9.265501979303e-03       2.441385048872e+04 
       9.389745401273e-03       2.454134568279e+04 
       9.514038287795e-03       2.466537352360e+04 
       9.638379464700e-03       2.478597749905e+04 
       9.762767832899e-03       2.490320018342e+04 
       9.887202364276e-03       2.501708421911e+04 
       1.001168209787e-02       2.512767063732e+04 
       1.013620613634e-02       2.523500071946e+04 
       1.026077364269e-02       2.533911516856e+04 
       1.038538383720e-02       2.544005568772e+04 
       1.051003599461e-02       2.553786195298e+04 
       1.063472944151e-02       2.563257438976e+04 
       1.075946355384e-02       2.572423124798e+04 
       1.088423775466e-02       2.581287244598e+04 
       1.100905151201e-02       2.589853725640e+04 
       1.113390433698e-02       2.598126384903e+04 
       1.125879578180e-02       2.606109024850e+04 
       1.138372543821e-02       2.613805377703e+04 
       1.150869293585e-02       2.621219242092e+04 
       1.163369794076e-02       2.628354277030e+04 
       1.175874015403e-02       2.635214231919e+04 
       1.188381931050e-02       2.641802665450e+04 
       1.200893517760e-02       2.648123247977e+04 
       1.213408755421e-02       2.654179456852e+04 
       1.225927626965e-02       2.659974890620e+04 
       1.238450118272e-02       2.665513019372e+04 
       1.250976218081e-02       2.670797321739e+04 
       1.263505917908e-02       2.675831182868e+04 
       1.276039211970e-02       2.680618072021e+04 
       1.288576097113e-02       2.685161287109e+04 
       1.301116572748e-02       2.689464270164e+04 
       1.313660640792e-02       2.693530234047e+04 
       1.326208305610e-02       2.697362511974e+04 
       1.338759573964e-02       2.700964316366e+04 
       1.351314454969e-02       2.704338833174e+04 
       1.363872960048e-02       2.707489329343e+04 
       1.376435102894e-02       2.710418846584e+04 
       1.389000899433e-02       2.713130511040e+04 
       1.401570367796e-02       2.715627432932e+04 
       1.414143528288e-02       2.717912565359e+04 
       1.426720403359e-02       2.719988954579e+04 
       1.439301017591e-02       2.721859572518e+04 
       1.451885397668e-02       2.723527288683e+04 
       1.464473572366e-02       2.724994976217e+04 
       1.477065572536e-02       2.726265536370e+04 
       1.489661431093e-02       2.727341772988e+04 
       1.496457373272e-02       2.727842562151e+04 
       1.502261183008e-02       2.728226424268e+04 
       1.514864865297e-02       2.728922230815e+04 
       1.527472517022e-02       2.729431927200e+04 
       1.540084179283e-02       2.729758173805e+04 
       1.552699895221e-02       2.729903608060e+04 
       1.565319710021e-02       2.729870794793e+04 
       1.577943670911e-02       2.729662340085e+04 
       1.590571827170e-02       2.729280766669e+04 
       1.603204230139e-02       2.728728572665e+04 
       1.615840933222e-02       2.728008253048e+04 
       1.628481991908e-02       2.727122230906e+04 
       1.641127463774e-02       2.726072915044e+04 
       1.653777408506e-02       2.724862681719e+04 
       1.666431887913e-02       2.723493895605e+04 
       1.679090965947e-02       2.721968908813e+04 
       1.691754708721e-02       2.720290004732e+04 
       1.704423184530e-02       2.718459484956e+04 
       1.717096463878e-02       2.716479591249e+04 
       1.729774619500e-02       2.714352562793e+04 
       1.742457726387e-02       2.712080611336e+04 
       1.755145861818e-02       2.709665936827e+04 
       1.767839105389e-02       2.707110686947e+04 
       1.780537539042e-02       2.704417052139e+04 
       1.793241247099e-02       2.701587145014e+04 
       1.805950316301e-02       2.698623119683e+04 
       1.818664835837e-02       2.695527033526e+04 
       1.831384897389e-02       2.692301015640e+04 
       1.844110595168e-02       2.688947125961e+04 
       1.856842025957e-02       2.685467419446e+04 
       1.869579289153e-02       2.681863955387e+04 
       1.882322486814e-02       2.678138758884e+04 
       1.895071723703e-02       2.674293844701e+04 
       1.907827107341e-02       2.670331217481e+04 
       1.920588748053e-02       2.666252898882e+04 
       1.933356759022e-02       2.662060823483e+04 
       1.946131256342e-02       2.657757011713e+04 
       1.958912359079e-02       2.653343400392e+04 
       1.971700189321e-02       2.648821941401e+04 
       1.984494872246e-02       2.644194537012e+04 
       1.997296536178e-02       2.639463169673e+04 
       2.010105312654e-02       2.634629707525e+04 
       2.022921336492e-02       2.629696049091e+04 
       2.035744745855e-02       2.624664126406e+04 
       2.048575682326e-02       2.619535769745e+04 
       2.061414290979e-02       2.614312866669e+04 
       2.074260720455e-02       2.608997249101e+04 
       2.087115123038e-02       2.603590766830e+04 
       2.099977654741e-02       2.598095233890e+04 
       2.112848475381e-02       2.592512440749e+04 
       2.125727748670e-02       2.586844196594e+04 
       2.138615642302e-02       2.581092262118e+04 
       2.151512328042e-02       2.575258406350e+04 
       2.164417981825e-02       2.569344343034e+04 
       2.177332783846e-02       2.563351850924e+04 
       2.190256918664e-02       2.557282586742e+04 
       2.203190575305e-02       2.551138263371e+04 
       2.216133947368e-02       2.544920538963e+04 
       2.229087233132e-02       2.538631046531e+04 
       2.242050635673e-02       2.532271400908e+04 
       2.255024362978e-02       2.525843268227e+04 
       2.268008628064e-02       2.519348182228e+04 
       2.281003649107e-02       2.512787741540e+04 
       2.294009649565e-02       2.506163480710e+04 
       2.307026858312e-02       2.499476901831e+04 
       2.320055509774e-02       2.492729520360e+04 
       2.333095844070e-02       2.485922806729e+04 
       2.346148107156e-02       2.479058240797e+04 
       2.359212550977e-02       2.472137273134e+04 
       2.372289433618e-02       2.465161253266e+04 
       2.385379019467e-02       2.458131629334e+04 
       2.398481579378e-02       2.451049767591e+04 
       2.411597390841e-02       2.443917051609e+04 
       2.424726738159e-02       2.436734783905e+04 
       2.437869912628e-02       2.429504273624e+04 
       2.451027212725e-02       2.422226836096e+04 
       2.464198944303e-02       2.414903764115e+04 
       2.477385420790e-02       2.407536299440e+04 
       2.490586963395e-02       2.400125724088e+04 
       2.503803901324e-02       2.392673215395e+04 
       2.517036572002e-02       2.385180041882e+04 
       2.530285321296e-02       2.377647373675e+04 
       2.543550503761e-02       2.370076404901e+04 
       2.556832482876e-02       2.362468306154e+04 
       2.570131631303e-02       2.354824210677e+04 
       2.583448331147e-02       2.347145316469e+04 
       2.596782974229e-02       2.339432726850e+04 
       2.610135962364e-02       2.331687522668e+04 
       2.623507707657e-02       2.323910860748e+04 
       2.636898632800e-02       2.316103800550e+04 
       2.650309171387e-02       2.308267448518e+04 
       2.663739768239e-02       2.300402836720e+04 
       2.677190879737e-02       2.292511031111e+04 
       2.690662974173e-02       2.284593106918e+04 
       2.704156532108e-02       2.276650039425e+04 
       2.717672046750e-02       2.268682868817e+04 
       2.731210024341e-02       2.260692587890e+04 
       2.744770984563e-02       2.252680211823e+04 
       2.758355460952e-02       2.244646677497e+04 
       2.771964001341e-02       2.236592953049e+04 
       2.785597168304e-02       2.228519997297e+04 
       2.799255539632e-02       2.220428733168e+04 
       2.812939708819e-02       2.212320065131e+04 
       2.826650285570e-02       2.204194910048e+04 
       2.840387896329e-02       2.196054107923e+04 
       2.854153184832e-02       2.187898572399e+04 
       2.867946812674e-02       2.179729135609e+04 
       2.881769459907e-02       2.171546635748e+04 
       2.895621825661e-02       2.163351874101e+04 
       2.909504628789e-02       2.155145626247e+04 
       2.923418608542e-02       2.146928705707e+04 
       2.937364525268e-02       2.138701859246e+04 
       2.951343161146e-02       2.130465817001e+04 
       2.965355320952e-02       2.122221318037e+04 
       2.979401832849e-02       2.113969041370e+04 
       2.993483549228e-02       2.105709684579e+04 
       3.007601347569e-02       2.097443926654e+04 
       3.021756131354e-02       2.089172413791e+04 
       3.035948831013e-02       2.080895734946e+04 
       3.050180404918e-02       2.072614527938e+04 
       3.064451840417e-02       2.064329419282e+04 
       3.078764154926e-02       2.056040925618e+04 
       3.093118397060e-02       2.047749605661e+04 
       3.107515647824e-02       2.039456059944e+04 
       3.121957021864e-02       2.031160744960e+04 
       3.136443668770e-02       2.022864188662e+04 
       3.150976774450e-02       2.014566930643e+04 
       3.165557562567e-02       2.006269350431e+04 
       3.180187296048e-02       1.997971952845e+04 
       3.194867278670e-02       1.989675213292e+04 
       3.209598856726e-02       1.981379494711e+04 
       3.224383420775e-02       1.973085228441e+04 
       3.239222407483e-02       1.964792869729e+04 
       3.254117301561e-02       1.956502732860e+04 
       3.269069637802e-02       1.948215164370e+04 
       3.284081003235e-02       1.939930599894e+04 
       3.299153039379e-02       1.931649322865e+04 
       3.314287444640e-02       1.923371654482e+04 
       3.329485976821e-02       1.915097928466e+04 
       3.344750455786e-02       1.906828398644e+04 
       3.360082766263e-02       1.898563343280e+04 
       3.375484860818e-02       1.890303065153e+04 
       3.390958762983e-02       1.882047756731e+04 
       3.406506570588e-02       1.873797650522e+04 
       3.422130459267e-02       1.865552960254e+04 
       3.437832686188e-02       1.857313847891e+04 
       3.453615594003e-02       1.849080495384e+04 
       3.469481615035e-02       1.840853071924e+04 
       3.485433275728e-02       1.832631653237e+04 
       3.501473201374e-02       1.824416336533e+04 
       3.517604121134e-02       1.816207245529e+04 
       3.533828873387e-02       1.808004395809e+04 
       3.550150411423e-02       1.799807841679e+04 
       3.566571809503e-02       1.791617582713e+04 
       3.583096269333e-02       1.783433587686e+04 
       3.599727126966e-02       1.775255839245e+04 
       3.616467860174e-02       1.767084273633e+04 
       3.633322096334e-02       1.758918759184e+04 
       3.650293620865e-02       1.750759195534e+04 
       3.667386386257e-02       1.742605477030e+04 
       3.684604521762e-02       1.734457365552e+04 
       3.701952343784e-02       1.726314713216e+04 
       3.719434367033e-02       1.718177307996e+04 
       3.737055316533e-02       1.710044849660e+04 
       3.754820140526e-02       1.701917085601e+04 
       3.772734024383e-02       1.693793750625e+04 
       3.790802405610e-02       1.685674466230e+04 
       3.809030990035e-02       1.677558849848e+04 
       3.827425769319e-02       1.669446583161e+04 
       3.845993039893e-02       1.661337193106e+04 
       3.864739423487e-02       1.653230223623e+04 
       3.883671889383e-02       1.645125202597e+04 
       3.902797778601e-02       1.637021602130e+04 
       3.922124830191e-02       1.628918828426e+04 
       3.941661209870e-02       1.620816288920e+04 
       3.961415541256e-02       1.612713354148e+04 
       3.981396939971e-02       1.604609298288e+04 
       4.001615050945e-02       1.596503337800e+04 
       4.022080089283e-02       1.588394707374e+04 
       4.042802885093e-02       1.580282543835e+04 
       4.063794932757e-02       1.572165888510e+04 
       4.085068445163e-02       1.564043737591e+04 
       4.106636413510e-02       1.555915050443e+04 
       4.128512673374e-02       1.547778689777e+04 
       4.150711977825e-02       1.539633406903e+04 
       4.173250078515e-02       1.531477888542e+04 
       4.196143815769e-02       1.523310746427e+04 
       4.219411218901e-02       1.515130513564e+04 
       4.243071618156e-02       1.506935580121e+04 
       4.267145769888e-02       1.498724233328e+04 
       4.291655996893e-02       1.490494656102e+04 
       4.316626346078e-02       1.482244898733e+04 
       4.342082766087e-02       1.473972898170e+04 
       4.368053307890e-02       1.465676431425e+04 
       4.394568351963e-02       1.457353089295e+04 
       4.421660866264e-02       1.449000279515e+04 
       4.449366700074e-02       1.440615210558e+04 
       4.477724919684e-02       1.432194858102e+04 
       4.506778193118e-02       1.423735945910e+04 
       4.536573232505e-02       1.415234891837e+04 
       4.567161304489e-02       1.406687794985e+04 
       4.598598821250e-02       1.398090345788e+04 
       4.630948027402e-02       1.389437833768e+04 
       4.664277801432e-02       1.380725070085e+04 
       4.698664594502e-02       1.371946293592e+04 
       4.734193534778e-02       1.363095131809e+04 
       4.770959732041e-02       1.354164475821e+04 
       4.809069825781e-02       1.345146397792e+04 
       4.848643830622e-02       1.336031977715e+04 
       4.889817346500e-02       1.326811149778e+04 
       4.932744218282e-02       1.317472431247e+04 
       4.977599751557e-02       1.308002580333e+04 
       5.024584619376e-02       1.298386334039e+04 
       5.073929630277e-02       1.288605823934e+04 
       5.125901572614e-02       1.278639876240e+04 
       5.180810405535e-02       1.268463452987e+04 
       5.239018133468e-02       1.258046261325e+04 
       5.300949777056e-02       1.247351692272e+04 
       5.367106931912e-02       1.236334706283e+04 
       5.438084468500e-02       1.224939128110e+04 
       5.514590929153e-02       1.213093968440e+04 
       5.597473032182e-02       1.200708029774e+04 
       5.687744220987e-02       1.187662765482e+04 
       5.786616064773e-02       1.173802633887e+04 
       5.895528943087e-02       1.158921583520e+04 
       6.016173915553e-02       1.142745142215e+04 
       6.150489874271e-02       1.124907712089e+04 
       6.300608546995e-02       1.104930647001e+04 
       6.468707564769e-02       1.082209688051e+04 
       6.656730250184e-02       1.056028865979e+04 
       6.865964748536e-02       1.025639016344e+04 
       7.096569199899e-02       9.904257304202e+03 
       7.347255813983e-02       9.501536387333e+03 
       7.615375119625e-02       9.052038419320e+03 
       7.897446330828e-02       8.566644747411e+03 
       8.189880784442e-02       8.062038978621e+03 
       8.489551220650e-02       7.557788930384e+03 
       8.794042610011e-02       7.073022319176e+03 
       9.101641349073e-02       6.623782996251e+03 
       9.411199075992e-02       6.221472943854e+03 
       9.721974396201e-02       5.872320932165e+03 
       1.003349987709e-01       5.577629010972e+03 
       1.034548514261e-01       5.334481359201e+03 
       1.065775144038e-01       5.136665112593e+03 
       1.097018933596e-01       4.975650461390e+03 
       1.128273204862e-01       4.841562345348e+03 
       1.159533889907e-01       4.724116034852e+03 
       1.190798512751e-01       4.613517543613e+03 
       1.222065566472e-01       4.501299399578e+03 
       1.253334133391e-01       4.381015670811e+03 
       1.284603653941e-01       4.248704133898e+03 
       1.315873786170e-01       4.103047690067e+03 
       1.347144320400e-01       3.945202469352e+03 
       1.378415127400e-01       3.778335464003e+03 
       1.409686126919e-01       3.606967821416e+03 
       1.440957268569e-01       3.436247604893e+03 
       1.472228520222e-01       3.271257832591e+03 
       1.503499860950e-01       3.116446567039e+03 
       1.534771276732e-01       2.975226008196e+03 
       1.566042757838e-01       2.849748497223e+03 
       1.597314297237e-01       2.740846512797e+03 
       1.628585889618e-01       2.648109495224e+03 
       1.659857530787e-01       2.570060718398e+03 
       1.691129217303e-01       2.504398179383e+03 
       1.722400946239e-01       2.448272134410e+03 
       1.753672715043e-01       2.398576219563e+03 
       1.784944521442e-01       2.352453577687e+03 
       1.816216363379e-01       2.307356559420e+03 
       1.847488238975e-01       2.260298272083e+03 
       1.878760146501e-01       2.209640581999e+03 
       1.910032084352e-01       2.154565046751e+03 
       1.941304051038e-01       2.095053219344e+03 
       1.972576045170e-01       2.031780711833e+03 
       2.003848065447e-01       1.965945593984e+03 
       2.035120110652e-01       1.899062610367e+03 
       2.066392179643e-01       1.832754696693e+03 
       2.097664271347e-01       1.768566753310e+03 
       2.128936384756e-01       1.707819392463e+03 
       2.160208518919e-01       1.651510489303e+03 
       2.191480672941e-01       1.600263753007e+03 
       2.222752845979e-01       1.554318629903e+03 
       2.254025037235e-01       1.513553805948e+03 
       2.285297245956e-01       1.477535246649e+03 
       2.316569471430e-01       1.445581286530e+03 
       2.347841712984e-01       1.416839376386e+03 
       2.379113969979e-01       1.390368841842e+03 
       2.410386241810e-01       1.365224178898e+03 
       2.441658527904e-01       1.340534128172e+03 
       2.472930827715e-01       1.315569941977e+03 
       2.504203140728e-01       1.289797474378e+03 
       2.535475466450e-01       1.262907339830e+03 
       2.566747804415e-01       1.234821716772e+03 
       2.598020154177e-01       1.205676510163e+03 
       2.629292515312e-01       1.175783450768e+03 
       2.660564887419e-01       1.145577277278e+03 
       2.691837270111e-01       1.115555138390e+03 
       2.723109663023e-01       1.086216601471e+03 
       2.754382065804e-01       1.058011225294e+03 
       2.785654478120e-01       1.031297513796e+03 
       2.816926899651e-01       1.006316766247e+03 
       2.848199330094e-01       9.831827000940e+02 
       2.879471769154e-01       9.618835573342e+02 
       2.910744216554e-01       9.422972812614e+02 
       2.942016672026e-01       9.242133962207e+02 
       2.973289135314e-01       9.073609015004e+02 
       3.004561606172e-01       8.914380204682e+02 
       3.035834084366e-01       8.761406485195e+02 
       3.067106569670e-01       8.611883552134e+02 
       3.098379061868e-01       8.463452031164e+02 
       3.129651560751e-01       8.314344574379e+02 
       3.160924066121e-01       8.163466850981e+02 
       3.192196577786e-01       8.010407370192e+02 
       3.223469095561e-01       7.855393101847e+02 
       3.254741619271e-01       7.699178925625e+02 
       3.286014148744e-01       7.542916320504e+02 
       3.317286683817e-01       7.387989678518e+02 
       3.348559224333e-01       7.235849912280e+02 
       3.379831770138e-01       7.087866688038e+02 
       3.411104321088e-01       6.945196455477e+02 
       3.442376877042e-01       6.808687334458e+02 
       3.473649437863e-01       6.678826663155e+02 
       3.504922003422e-01       6.555722135541e+02 
       3.536194573591e-01       6.439123090720e+02 
       3.567467148248e-01       6.328475263661e+02 
       3.598739727277e-01       6.222998607544e+02 
       3.630012310564e-01       6.121774940887e+02 
       3.661284898000e-01       6.023844719681e+02 
       3.692557489477e-01       5.928295148116e+02 
       3.723830084895e-01       5.834334999183e+02 
       3.755102684154e-01       5.741345970853e+02 
       3.786375287159e-01       5.648912740909e+02 
       3.817647893818e-01       5.556830424961e+02 
       3.848920504040e-01       5.465088513526e+02 
       3.880193117740e-01       5.373839049239e+02 
       3.911465734833e-01       5.283354338884e+02 
       3.942738355239e-01       5.193979521820e+02 
       3.974010978879e-01       5.106086323088e+02 
       4.005283605678e-01       5.020031894119e+02 
       4.036556235560e-01       4.936126201034e+02 
       4.067828868456e-01       4.854607726264e+02 
       4.099101504295e-01       4.775630665022e+02 
       4.130374143011e-01       4.699259792714e+02 
       4.161646784538e-01       4.625473587487e+02 
       4.192919428814e-01       4.554173151467e+02 
       4.224192075777e-01       4.485195908440e+02 
       4.255464725367e-01       4.418331108128e+02 
       4.286737377528e-01       4.353337836275e+02 
       4.318010032202e-01       4.289962536673e+02 
       4.349282689336e-01       4.227956952730e+02 
       4.380555348877e-01       4.167093272010e+02 
       4.411828010773e-01       4.107178547602e+02 
       4.443100674974e-01       4.048063820969e+02 
       4.474373341432e-01       3.989651600290e+02 
       4.505646010100e-01       3.931896655282e+02 
       4.536918680931e-01       3.874804068030e+02 
       4.568191353882e-01       3.818422442963e+02 
       4.599464028909e-01       3.762834112685e+02 
       4.630736705969e-01       3.708142112240e+02 
       4.662009385022e-01       3.654457105375e+02 
       4.693282066028e-01       3.601883462309e+02 
       4.724554748948e-01       3.550507611500e+02 
       4.755827433743e-01       3.500388533816e+02 
       4.787100120377e-01       3.451551456164e+02 
       4.818372808815e-01       3.403986380225e+02 
       4.849645499020e-01       3.357649423003e+02 
       4.880918190960e-01       3.312468641075e+02 
       4.912190884600e-01       3.268351357192e+02 
       4.943463579908e-01       3.225193509582e+02 
       4.974736276854e-01       3.182889942228e+02 
       5.006008975405e-01       3.141342484843e+02 
       5.037281675533e-01       3.100467583885e+02 
       5.068554377207e-01       3.060201328225e+02 
       5.099827080400e-01       3.020501317694e+02 
       5.131099785083e-01       2.981346306504e+02 
       5.162372491229e-01       2.942734189616e+02 
       5.193645198812e-01       2.904677424104e+02 
       5.224917907806e-01       2.867198046746e+02 
       5.256190618185e-01       2.830322424539e+02 
       5.287463329926e-01       2.794076819600e+02 
       5.318736043003e-01       2.758483174825e+02 
       5.350008757393e-01       2.723556677638e+02 
       5.381281473074e-01       2.689304448789e+02 
       5.412554190023e-01       2.655724762037e+02 
       5.443826908218e-01       2.622807709095e+02 
       5.475099627637e-01       2.590536685696e+02 
       5.506372348260e-01       2.558889942683e+02 
       5.537645070067e-01       2.527841909372e+02 
       5.568917793037e-01       2.497364754377e+02 
       5.600190517150e-01       2.467429738618e+02 
       5.631463242388e-01       2.438008092695e+02 
       5.662735968732e-01       2.409072671193e+02 
       5.694008696164e-01       2.380599224245e+02 
       5.725281424665e-01       2.352566717237e+02 
       5.756554154219e-01       2.324957339915e+02 
       5.787826884808e-01       2.297757392415e+02 
       5.819099616415e-01       2.270957844100e+02 
       5.850372349024e-01       2.244553762065e+02 
       5.881645082620e-01       2.218543545590e+02 
       5.912917817186e-01       2.192927807727e+02 
       5.944190552707e-01       2.167709074309e+02 
       5.975463289168e-01       2.142890499951e+02 
       6.006736026554e-01       2.118474586097e+02 
       6.038008764851e-01       2.094461566955e+02 
       6.069281504044e-01       2.070849276119e+02 
       6.100554244121e-01       2.047633253809e+02 
       6.131826985067e-01       2.024806208756e+02 
       6.163099726869e-01       2.002357572479e+02 
       6.194372469514e-01       1.980275639330e+02 
       6.225645212990e-01       1.958547943276e+02 
       6.256917957283e-01       1.937161351083e+02 
       6.288190702383e-01       1.916102515503e+02 
       6.319463448275e-01       1.895360032134e+02 
       6.350736194950e-01       1.874923815333e+02 
       6.382008942395e-01       1.854784331296e+02 
       6.413281690599e-01       1.834934368394e+02 
       6.444554439551e-01       1.815368454226e+02 
       6.475827189241e-01       1.796081714792e+02 
       6.507099939656e-01       1.777070199100e+02 
       6.538372690788e-01       1.758331191888e+02 
       6.569645442626e-01       1.739862254811e+02 
       6.600918195159e-01       1.721660330723e+02 
       6.632190948378e-01       1.703723209545e+02 
       6.663463702274e-01       1.686048661842e+02 
       6.694736456836e-01       1.668633031496e+02 
       6.726009212055e-01       1.651473375036e+02 
       6.757281967923e-01       1.634566137524e+02 
       6.788554724430e-01       1.617906330850e+02 
       6.819827481568e-01       1.601489461983e+02 
       6.851100239327e-01       1.585310545044e+02 
       6.882372997699e-01       1.569363229231e+02 
       6.913645756677e-01       1.553642252179e+02 
       6.944918516251e-01       1.538141987049e+02 
       6.976191276414e-01       1.522856398547e+02 
       7.007464037157e-01       1.507780832322e+02 
       7.038736798474e-01       1.492910493083e+02 
       7.070009560356e-01       1.478240802942e+02 
       7.101282322796e-01       1.463768678036e+02 
       7.132555085787e-01       1.449490445970e+02 
       7.163827849321e-01       1.435403238129e+02 
       7.195100613392e-01       1.421505043673e+02 
       7.226373377991e-01       1.407792733440e+02 
       7.257646143113e-01       1.394264414465e+02 
       7.288918908751e-01       1.380917630309e+02 
       7.320191674898e-01       1.367749324817e+02 
       7.993450636430e-01       1.122254618205e+02 
       8.964606726111e-01       8.648127930395e+01 
       1.050465808846e+00       6.003070162032e+01 
