# Matter power spectrum P(k) at redshift z=2.34
# for k=1.01651e-05 to 1.05047 h/Mpc,
# number of wavenumbers equal to 604
#    1:k (h/Mpc)              2:P (Mpc/h)^3        
       1.016512238340e-05       4.375627932295e+00 
       2.269836962790e-05       7.066608390198e+00 
       3.527334288906e-05       1.872120551250e+01 
       4.792207025522e-05       2.919925927602e+01 
       6.067708152277e-05       3.902213819865e+01 
       7.357168286304e-05       4.851992345418e+01 
       8.664023982295e-05       5.786947052836e+01 
       9.991847223806e-05       6.717711304545e+01 
       1.134437646648e-04       7.651534871306e+01 
       1.272554959701e-04       8.593948135192e+01 
       1.413953917293e-04       9.549577106530e+01 
       1.559079030524e-04       1.052257906360e+02 
       1.708406153436e-04       1.151689599124e+02 
       1.862446902463e-04       1.253641521931e+02 
       2.021753435750e-04       1.358507871421e+02 
       2.186923612795e-04       1.466696531365e+02 
       2.358606543210e-04       1.578635587295e+02 
       2.537508515962e-04       1.694778937552e+02 
       2.724399275397e-04       1.815611302574e+02 
       2.920118575231e-04       1.941652818874e+02 
       3.125582893768e-04       2.073463238319e+02 
       3.341792129825e-04       2.211645735277e+02 
       3.569836016073e-04       2.356850199329e+02 
       3.810899882258e-04       2.509775773916e+02 
       4.066269273864e-04       2.671172299839e+02 
       4.337332783873e-04       2.841840285339e+02 
       4.625582292912e-04       3.022628919641e+02 
       4.932609649930e-04       3.214431383906e+02 
       5.260098685578e-04       3.418176940237e+02 
       5.609811370090e-04       3.634818927595e+02 
       5.983566956108e-04       3.865318090986e+02 
       6.383213144204e-04       4.110620714407e+02 
       6.810588734856e-04       4.371631418513e+02 
       7.267477928842e-04       4.649180975430e+02 
       7.755557410205e-04       4.943990186520e+02 
       8.276338524315e-04       5.256631713479e+02 
       8.831108091381e-04       5.587492544754e+02 
       9.420872430855e-04       5.936740463289e+02 
       1.004630972780e-03       6.304298133340e+02 
       1.070773569644e-03       6.689828179817e+02 
       1.140508646892e-03       7.092731703177e+02 
       1.213792084750e-03       7.512161205044e+02 
       1.290544181360e-03       7.947047124549e+02 
       1.370653493948e-03       8.396090522877e+02 
       1.453981955828e-03       8.857924556976e+02 
       1.540370753800e-03       9.331076855757e+02 
       1.629646437665e-03       9.814012775092e+02 
       1.721626796957e-03       1.030519214505e+03 
       1.816126152912e-03       1.080310323037e+03 
       1.912959845405e-03       1.130628865907e+03 
       2.011947819053e-03       1.181336400124e+03 
       2.112917313223e-03       1.232303020716e+03 
       2.215704730543e-03       1.283408157679e+03 
       2.320156798643e-03       1.334541059857e+03 
       2.426131155702e-03       1.385601048181e+03 
       2.533496488812e-03       1.436497601641e+03 
       2.642132342079e-03       1.487150195082e+03 
       2.751928693967e-03       1.537487960234e+03 
       2.862785384548e-03       1.587449086734e+03 
       2.974611455373e-03       1.636980088861e+03 
       3.087324448931e-03       1.686034880135e+03 
       3.200849701475e-03       1.734573904186e+03 
       3.315119652561e-03       1.782563276311e+03 
       3.430073186497e-03       1.829974023889e+03 
       3.545655014909e-03       1.876781559180e+03 
       3.661815105170e-03       1.922965166672e+03 
       3.778508156387e-03       1.968507676399e+03 
       3.895693122493e-03       2.013395085707e+03 
       4.013332780652e-03       2.057616258760e+03 
       4.131393342320e-03       2.101162563445e+03 
       4.249844103863e-03       2.144027528369e+03 
       4.368657133454e-03       2.186206488765e+03 
       4.487806990946e-03       2.227696367778e+03 
       4.607270477526e-03       2.268495370880e+03 
       4.727026412141e-03       2.308602884439e+03 
       4.847055431896e-03       2.348019356496e+03 
       4.967339813860e-03       2.386746157680e+03 
       5.087863315936e-03       2.424785559747e+03 
       5.208611034713e-03       2.462140124738e+03 
       5.329569278403e-03       2.498813848244e+03 
       5.450725453178e-03       2.534810158863e+03 
       5.572067961423e-03       2.570133027952e+03 
       5.693586110555e-03       2.604787958962e+03 
       5.815270031251e-03       2.638780758602e+03 
       5.937110604016e-03       2.672117349066e+03 
       6.059099393186e-03       2.704803875752e+03 
       6.181228587541e-03       2.736846658969e+03 
       6.303490946804e-03       2.768252088809e+03 
       6.425879753391e-03       2.799026726745e+03 
       6.548388768841e-03       2.829177203388e+03 
       6.671012194431e-03       2.858710205565e+03 
       6.793744635527e-03       2.887632409559e+03 
       6.916581069289e-03       2.915950467852e+03 
       7.039516815369e-03       2.943671072058e+03 
       7.162547509297e-03       2.970800941931e+03 
       7.285669078290e-03       2.997346661531e+03 
       7.408877719229e-03       3.023314932764e+03 
       7.532169878588e-03       3.048712374273e+03 
       7.655542234126e-03       3.073545559144e+03 
       7.778991678174e-03       3.097820994520e+03 
       7.902515302345e-03       3.121545202763e+03 
       8.026110383553e-03       3.144724548011e+03 
       8.149774371197e-03       3.167365420019e+03 
       8.273504875420e-03       3.189474079868e+03 
       8.397299656321e-03       3.211056839366e+03 
       8.521156614055e-03       3.232119881848e+03 
       8.645073779722e-03       3.252669447822e+03 
       8.769049306989e-03       3.272711576411e+03 
       8.893081464368e-03       3.292252423746e+03 
       9.017168628096e-03       3.311297879695e+03 
       9.141309275575e-03       3.329854009386e+03 
       9.265501979303e-03       3.347926596817e+03 
       9.389745401273e-03       3.365521550244e+03 
       9.514038287795e-03       3.382644615785e+03 
       9.638379464700e-03       3.399301552651e+03 
       9.762767832899e-03       3.415497993489e+03 
       9.887202364276e-03       3.431239645766e+03 
       1.001168209787e-02       3.446532043077e+03 
       1.013620613634e-02       3.461380723746e+03 
       1.026077364269e-02       3.475791086128e+03 
       1.038538383720e-02       3.489768651507e+03 
       1.051003599461e-02       3.503318715495e+03 
       1.063472944151e-02       3.516446725343e+03 
       1.075946355384e-02       3.529157824122e+03 
       1.088423775466e-02       3.541457339201e+03 
       1.100905151201e-02       3.553350493606e+03 
       1.113390433698e-02       3.564842392639e+03 
       1.125879578180e-02       3.575938161143e+03 
       1.138372543821e-02       3.586642826159e+03 
       1.150869293585e-02       3.596961474390e+03 
       1.163369794076e-02       3.606898989000e+03 
       1.175874015403e-02       3.616460406078e+03 
       1.188381931050e-02       3.625650541594e+03 
       1.200893517760e-02       3.634474370873e+03 
       1.213408755421e-02       3.642936582219e+03 
       1.225927626965e-02       3.651042012872e+03 
       1.238450118272e-02       3.658795342170e+03 
       1.250976218081e-02       3.666201291710e+03 
       1.263505917908e-02       3.673264465170e+03 
       1.276039211970e-02       3.679989565603e+03 
       1.288576097113e-02       3.686381049521e+03 
       1.301116572748e-02       3.692443583863e+03 
       1.313660640792e-02       3.698181549090e+03 
       1.326208305610e-02       3.703599499302e+03 
       1.338759573964e-02       3.708701810261e+03 
       1.351314454969e-02       3.713492807955e+03 
       1.363872960048e-02       3.717976937962e+03 
       1.376435102894e-02       3.722158360708e+03 
       1.389000899433e-02       3.726041364154e+03 
       1.401570367796e-02       3.729630206562e+03 
       1.414143528288e-02       3.732928920009e+03 
       1.426720403359e-02       3.735941667764e+03 
       1.439301017591e-02       3.738672526723e+03 
       1.451885397668e-02       3.741125440773e+03 
       1.464473572366e-02       3.743304348926e+03 
       1.477065572536e-02       3.745213215187e+03 
       1.489661431093e-02       3.746855870381e+03 
       1.496457373272e-02       3.747632691122e+03 
       1.502261183008e-02       3.748236066509e+03 
       1.514864865297e-02       3.749357564324e+03 
       1.527472517022e-02       3.750224106791e+03 
       1.540084179283e-02       3.750839320619e+03 
       1.552699895221e-02       3.751206796169e+03 
       1.565319710021e-02       3.751330029422e+03 
       1.577943670911e-02       3.751212575209e+03 
       1.590571827170e-02       3.750857864761e+03 
       1.603204230139e-02       3.750269282182e+03 
       1.615840933222e-02       3.749450201773e+03 
       1.628481991908e-02       3.748403903108e+03 
       1.641127463774e-02       3.747133647168e+03 
       1.653777408506e-02       3.745642641434e+03 
       1.666431887913e-02       3.743934063795e+03 
       1.679090965947e-02       3.742011068398e+03 
       1.691754708721e-02       3.739876717110e+03 
       1.704423184530e-02       3.737534098648e+03 
       1.717096463878e-02       3.734986213244e+03 
       1.729774619500e-02       3.732236047248e+03 
       1.742457726387e-02       3.729286544315e+03 
       1.755145861818e-02       3.726140634230e+03 
       1.767839105389e-02       3.722801176929e+03 
       1.780537539042e-02       3.719271086275e+03 
       1.793241247099e-02       3.715553161282e+03 
       1.805950316301e-02       3.711650254825e+03 
       1.818664835837e-02       3.707565091164e+03 
       1.831384897389e-02       3.703300497554e+03 
       1.844110595168e-02       3.698859204998e+03 
       1.856842025957e-02       3.694243933187e+03 
       1.869579289153e-02       3.689457407091e+03 
       1.882322486814e-02       3.684502310139e+03 
       1.895071723703e-02       3.679381317639e+03 
       1.907827107341e-02       3.674097092637e+03 
       1.920588748053e-02       3.668652320867e+03 
       1.933356759022e-02       3.663049571209e+03 
       1.946131256342e-02       3.657291539126e+03 
       1.958912359079e-02       3.651380813911e+03 
       1.971700189321e-02       3.645320010255e+03 
       1.984494872246e-02       3.639111676684e+03 
       1.997296536178e-02       3.632758477279e+03 
       2.010105312654e-02       3.626262929147e+03 
       2.022921336492e-02       3.619627602008e+03 
       2.035744745855e-02       3.612855118888e+03 
       2.048575682326e-02       3.605947968151e+03 
       2.061414290979e-02       3.598908724452e+03 
       2.074260720455e-02       3.591739897367e+03 
       2.087115123038e-02       3.584444032422e+03 
       2.099977654741e-02       3.577023633594e+03 
       2.112848475381e-02       3.569481177945e+03 
       2.125727748670e-02       3.561819176052e+03 
       2.138615642302e-02       3.554040082538e+03 
       2.151512328042e-02       3.546146373969e+03 
       2.164417981825e-02       3.538140457631e+03 
       2.177332783846e-02       3.530024834342e+03 
       2.190256918664e-02       3.521801842750e+03 
       2.203190575305e-02       3.513473906390e+03 
       2.216133947368e-02       3.505043380069e+03 
       2.229087233132e-02       3.496512587094e+03 
       2.242050635673e-02       3.487883826275e+03 
       2.255024362978e-02       3.479159468905e+03 
       2.268008628064e-02       3.470341707616e+03 
       2.281003649107e-02       3.461432826114e+03 
       2.294009649565e-02       3.452435018123e+03 
       2.307026858312e-02       3.443350428434e+03 
       2.320055509774e-02       3.434181217154e+03 
       2.333095844070e-02       3.424929480562e+03 
       2.346148107156e-02       3.415597324634e+03 
       2.359212550977e-02       3.406186808527e+03 
       2.372289433618e-02       3.396699844372e+03 
       2.385379019467e-02       3.387138473456e+03 
       2.398481579378e-02       3.377504618618e+03 
       2.411597390841e-02       3.367800219543e+03 
       2.424726738159e-02       3.358027094736e+03 
       2.437869912628e-02       3.348187061714e+03 
       2.451027212725e-02       3.338281938168e+03 
       2.464198944303e-02       3.328313503935e+03 
       2.477385420790e-02       3.318283460835e+03 
       2.490586963395e-02       3.308193556633e+03 
       2.503803901324e-02       3.298045385935e+03 
       2.517036572002e-02       3.287840661817e+03 
       2.530285321296e-02       3.277580956503e+03 
       2.543550503761e-02       3.267267869313e+03 
       2.556832482876e-02       3.256902960198e+03 
       2.570131631303e-02       3.246487732137e+03 
       2.583448331147e-02       3.236023774380e+03 
       2.596782974229e-02       3.225512544515e+03 
       2.610135962364e-02       3.214955467060e+03 
       2.623507707657e-02       3.204354068790e+03 
       2.636898632800e-02       3.193709741759e+03 
       2.650309171387e-02       3.183023944734e+03 
       2.663739768239e-02       3.172298036945e+03 
       2.677190879737e-02       3.161533426745e+03 
       2.690662974173e-02       3.150731537754e+03 
       2.704156532108e-02       3.139893660444e+03 
       2.717672046750e-02       3.129021181106e+03 
       2.731210024341e-02       3.118115427164e+03 
       2.744770984563e-02       3.107177762633e+03 
       2.758355460952e-02       3.096209449517e+03 
       2.771964001341e-02       3.085211800389e+03 
       2.785597168304e-02       3.074186123613e+03 
       2.799255539632e-02       3.063133686305e+03 
       2.812939708819e-02       3.052055736977e+03 
       2.826650285570e-02       3.040953548187e+03 
       2.840387896329e-02       3.029828294627e+03 
       2.854153184832e-02       3.018681260683e+03 
       2.867946812674e-02       3.007513624904e+03 
       2.881769459907e-02       2.996326579281e+03 
       2.895621825661e-02       2.985121270646e+03 
       2.909504628789e-02       2.973898816251e+03 
       2.923418608542e-02       2.962660390435e+03 
       2.937364525268e-02       2.951407078421e+03 
       2.951343161146e-02       2.940139944176e+03 
       2.965355320952e-02       2.928860065627e+03 
       2.979401832849e-02       2.917568439497e+03 
       2.993483549228e-02       2.906266087853e+03 
       3.007601347569e-02       2.894954004909e+03 
       3.021756131354e-02       2.883633137188e+03 
       3.035948831013e-02       2.872304349873e+03 
       3.050180404918e-02       2.860968571936e+03 
       3.064451840417e-02       2.849626711619e+03 
       3.078764154926e-02       2.838279519384e+03 
       3.093118397060e-02       2.826927797578e+03 
       3.107515647824e-02       2.815572400512e+03 
       3.121957021864e-02       2.804213977150e+03 
       3.136443668770e-02       2.792853266984e+03 
       3.150976774450e-02       2.781491018015e+03 
       3.165557562567e-02       2.770127751013e+03 
       3.180187296048e-02       2.758764153013e+03 
       3.194867278670e-02       2.747400863317e+03 
       3.209598856726e-02       2.736038359613e+03 
       3.224383420775e-02       2.724677208818e+03 
       3.239222407483e-02       2.713318007078e+03 
       3.254117301561e-02       2.701961152496e+03 
       3.269069637802e-02       2.690607084249e+03 
       3.284081003235e-02       2.679256363025e+03 
       3.299153039379e-02       2.667909340084e+03 
       3.314287444640e-02       2.656566419766e+03 
       3.329485976821e-02       2.645228025286e+03 
       3.344750455786e-02       2.633894472943e+03 
       3.360082766263e-02       2.622566117761e+03 
       3.375484860818e-02       2.611243354572e+03 
       3.390958762983e-02       2.599926431958e+03 
       3.406506570588e-02       2.588615660517e+03 
       3.422130459267e-02       2.577311333141e+03 
       3.437832686188e-02       2.566013680208e+03 
       3.453615594003e-02       2.554722967405e+03 
       3.469481615035e-02       2.543439450729e+03 
       3.485433275728e-02       2.532163265633e+03 
       3.501473201374e-02       2.520894584911e+03 
       3.517604121134e-02       2.509633624064e+03 
       3.533828873387e-02       2.498380454456e+03 
       3.550150411423e-02       2.487135205509e+03 
       3.566571809503e-02       2.475897934379e+03 
       3.583096269333e-02       2.464668656729e+03 
       3.599727126966e-02       2.453447406385e+03 
       3.616467860174e-02       2.442234151561e+03 
       3.633322096334e-02       2.431028763359e+03 
       3.650293620865e-02       2.419831150182e+03 
       3.667386386257e-02       2.408641206219e+03 
       3.684604521762e-02       2.397458635439e+03 
       3.701952343784e-02       2.386283257439e+03 
       3.719434367033e-02       2.375114793125e+03 
       3.737055316533e-02       2.363952831680e+03 
       3.754820140526e-02       2.352797018800e+03 
       3.772734024383e-02       2.341646973386e+03 
       3.790802405610e-02       2.330502149131e+03 
       3.809030990035e-02       2.319361987530e+03 
       3.827425769319e-02       2.308226013929e+03 
       3.845993039893e-02       2.297093536384e+03 
       3.864739423487e-02       2.285963885558e+03 
       3.883671889383e-02       2.274836372402e+03 
       3.902797778601e-02       2.263710235105e+03 
       3.922124830191e-02       2.252584627362e+03 
       3.941661209870e-02       2.241458714328e+03 
       3.961415541256e-02       2.230331621775e+03 
       3.981396939971e-02       2.219202354811e+03 
       4.001615050945e-02       2.208069853076e+03 
       4.022080089283e-02       2.196933096043e+03 
       4.042802885093e-02       2.185790941146e+03 
       4.063794932757e-02       2.174642126283e+03 
       4.085068445163e-02       2.163485337710e+03 
       4.106636413510e-02       2.152319217396e+03 
       4.128512673374e-02       2.141142277249e+03 
       4.150711977825e-02       2.129952874975e+03 
       4.173250078515e-02       2.118749273038e+03 
       4.196143815769e-02       2.107529620599e+03 
       4.219411218901e-02       2.096291944581e+03 
       4.243071618156e-02       2.085034056652e+03 
       4.267145769888e-02       2.073753607182e+03 
       4.291655996893e-02       2.062448082404e+03 
       4.316626346078e-02       2.051114766104e+03 
       4.342082766087e-02       2.039750770859e+03 
       4.368053307890e-02       2.028352977957e+03 
       4.394568351963e-02       2.016918009245e+03 
       4.421660866264e-02       2.005442240848e+03 
       4.449366700074e-02       1.993921789979e+03 
       4.477724919684e-02       1.982352479598e+03 
       4.506778193118e-02       1.970729818939e+03 
       4.536573232505e-02       1.959048935730e+03 
       4.567161304489e-02       1.947304558628e+03 
       4.598598821250e-02       1.935490888869e+03 
       4.630948027402e-02       1.923601599552e+03 
       4.664277801432e-02       1.911629711934e+03 
       4.698664594502e-02       1.899567443070e+03 
       4.734193534778e-02       1.887406128538e+03 
       4.770959732041e-02       1.875136028574e+03 
       4.809069825781e-02       1.862746203568e+03 
       4.848643830622e-02       1.850224278342e+03 
       4.889817346500e-02       1.837556257108e+03 
       4.932744218282e-02       1.824726196935e+03 
       4.977599751557e-02       1.811715800054e+03 
       5.024584619376e-02       1.798504117828e+03 
       5.073929630277e-02       1.785066781237e+03 
       5.125901572614e-02       1.771375013127e+03 
       5.180810405535e-02       1.757394752266e+03 
       5.239018133468e-02       1.743084553597e+03 
       5.300949777056e-02       1.728393939076e+03 
       5.367106931912e-02       1.713260421717e+03 
       5.438084468500e-02       1.697605984467e+03 
       5.514590929153e-02       1.681332482162e+03 
       5.597473032182e-02       1.664314589557e+03 
       5.687744220987e-02       1.646389591125e+03 
       5.786616064773e-02       1.627342701178e+03 
       5.895528943087e-02       1.606887376736e+03 
       6.016173915553e-02       1.584642220433e+03 
       6.150489874271e-02       1.560102073547e+03 
       6.300608546995e-02       1.532603779461e+03 
       6.468707564769e-02       1.501304348861e+03 
       6.656730250184e-02       1.465209277282e+03 
       6.865964748536e-02       1.423275034553e+03 
       7.096569199899e-02       1.374639614508e+03 
       7.347255813983e-02       1.318970980716e+03 
       7.615375119625e-02       1.256787499074e+03 
       7.897446330828e-02       1.189594250821e+03 
       8.189880784442e-02       1.119704173414e+03 
       8.489551220650e-02       1.049832222923e+03 
       8.794042610011e-02       9.826381701201e+02 
       9.101641349073e-02       9.203533659586e+02 
       9.411199075992e-02       8.645654538963e+02 
       9.721974396201e-02       8.161452109630e+02 
       1.003349987709e-01       7.752774258783e+02 
       1.034548514261e-01       7.415601984030e+02 
       1.065775144038e-01       7.141336020761e+02 
       1.097018933596e-01       6.918141157599e+02 
       1.128273204862e-01       6.732303763418e+02 
       1.159533889907e-01       6.569540569499e+02 
       1.190798512751e-01       6.416240345127e+02 
       1.222065566472e-01       6.260631614091e+02 
       1.253334133391e-01       6.093755427484e+02 
       1.284603653941e-01       5.910101271498e+02 
       1.315873786170e-01       5.707836521406e+02 
       1.347144320400e-01       5.488571892037e+02 
       1.378415127400e-01       5.256713045127e+02 
       1.409686126919e-01       5.018551102724e+02 
       1.440957268569e-01       4.781253219156e+02 
       1.472228520222e-01       4.551894471593e+02 
       1.503499860950e-01       4.336667661510e+02 
       1.534771276732e-01       4.140326823092e+02 
       1.566042757838e-01       3.965870669908e+02 
       1.597314297237e-01       3.814461251502e+02 
       1.628585889618e-01       3.685532532633e+02 
       1.659857530787e-01       3.577032263886e+02 
       1.691129217303e-01       3.485758642052e+02 
       1.722400946239e-01       3.407748789152e+02 
       1.753672715043e-01       3.338680380744e+02 
       1.784944521442e-01       3.274575385806e+02 
       1.816216363379e-01       3.211887549905e+02 
       1.847488238975e-01       3.146464353786e+02 
       1.878760146501e-01       3.076024572695e+02 
       1.910032084352e-01       2.999429235249e+02 
       1.941304051038e-01       2.916652252703e+02 
       1.972576045170e-01       2.828632536736e+02 
       2.003848065447e-01       2.737038048545e+02 
       2.035120110652e-01       2.643977933064e+02 
       2.066392179643e-01       2.551711207983e+02 
       2.097664271347e-01       2.462389716917e+02 
       2.128936384756e-01       2.377853472724e+02 
       2.160208518919e-01       2.299492201299e+02 
       2.191480672941e-01       2.228175353228e+02 
       2.222752845979e-01       2.164237521501e+02 
       2.254025037235e-01       2.107509946591e+02 
       2.285297245956e-01       2.057388664139e+02 
       2.316569471430e-01       2.012925067752e+02 
       2.347841712984e-01       1.972931841363e+02 
       2.379113969979e-01       1.936099143449e+02 
       2.410386241810e-01       1.901110697240e+02 
       2.441658527904e-01       1.866753153414e+02 
       2.472930827715e-01       1.832011807362e+02 
       2.504203140728e-01       1.796143211600e+02 
       2.535475466450e-01       1.758716536767e+02 
       2.566747804415e-01       1.719623542303e+02 
       2.598020154177e-01       1.679053771619e+02 
       2.629292515312e-01       1.637441246690e+02 
       2.660564887419e-01       1.595391401792e+02 
       2.691837270111e-01       1.553596733124e+02 
       2.723109663023e-01       1.512752786196e+02 
       2.754382065804e-01       1.473485640207e+02 
       2.785654478120e-01       1.436294787187e+02 
       2.816926899651e-01       1.401516206487e+02 
       2.848199330094e-01       1.369308367783e+02 
       2.879471769154e-01       1.339655233144e+02 
       2.910744216554e-01       1.312386824339e+02 
       2.942016672026e-01       1.287210090357e+02 
       2.973289135314e-01       1.263747916299e+02 
       3.004561606172e-01       1.241579974635e+02 
       3.035834084366e-01       1.220282670542e+02 
       3.067106569670e-01       1.199465641579e+02 
       3.098379061868e-01       1.178800203716e+02 
       3.129651560751e-01       1.158040056102e+02 
       3.160924066121e-01       1.137032938044e+02 
       3.192196577786e-01       1.115721501633e+02 
       3.223469095561e-01       1.094137210313e+02 
       3.254741619271e-01       1.072385355336e+02 
       3.286014148744e-01       1.050626352209e+02 
       3.317286683817e-01       1.029052899714e+02 
       3.348559224333e-01       1.007867213868e+02 
       3.379831770138e-01       9.872601415980e+01 
       3.411104321088e-01       9.673926571131e+01 
       3.442376877042e-01       9.483829865080e+01 
       3.473649437863e-01       9.302991050290e+01 
       3.504922003422e-01       9.131559459087e+01 
       3.536194573591e-01       8.969186733245e+01 
       3.567467148248e-01       8.815101906679e+01 
       3.598739727277e-01       8.668218058992e+01 
       3.630012310564e-01       8.527256771956e+01 
       3.661284898000e-01       8.390882248433e+01 
       3.692557489477e-01       8.257822493690e+01 
       3.723830084895e-01       8.126975408669e+01 
       3.755102684154e-01       7.997479951582e+01 
       3.786375287159e-01       7.868756797440e+01 
       3.817647893818e-01       7.740520339131e+01 
       3.848920504040e-01       7.612756011878e+01 
       3.880193117740e-01       7.485674976971e+01 
       3.911465734833e-01       7.359656678616e+01 
       3.942738355239e-01       7.235182365216e+01 
       3.974010978879e-01       7.112769659189e+01 
       4.005283605678e-01       6.992916620861e+01 
       4.036556235560e-01       6.876055838142e+01 
       4.067828868456e-01       6.762519427182e+01 
       4.099101504295e-01       6.652522639134e+01 
       4.130374143011e-01       6.546156365312e+01 
       4.161646784538e-01       6.443390180134e+01 
       4.192919428814e-01       6.344086280858e+01 
       4.224192075777e-01       6.248018544634e+01 
       4.255464725367e-01       6.154892670546e+01 
       4.286737377528e-01       6.064372708426e+01 
       4.318010032202e-01       5.976105808004e+01 
       4.349282689336e-01       5.889745606504e+01 
       4.380555348877e-01       5.804974483116e+01 
       4.411828010773e-01       5.721524297210e+01 
       4.443100674974e-01       5.639187426647e+01 
       4.474373341432e-01       5.557827934830e+01 
       4.505646010100e-01       5.477383581012e+01 
       4.536918680931e-01       5.397861542255e+01 
       4.568191353882e-01       5.319329313023e+01 
       4.599464028909e-01       5.241902146253e+01 
       4.630736705969e-01       5.165723619287e+01 
       4.662009385022e-01       5.090947467300e+01 
       4.693282066028e-01       5.017719339345e+01 
       4.724554748948e-01       4.946159614325e+01 
       4.755827433743e-01       4.876349977798e+01 
       4.787100120377e-01       4.808325706484e+01 
       4.818372808815e-01       4.742072943331e+01 
       4.849645499020e-01       4.677530239744e+01 
       4.880918190960e-01       4.614597556904e+01 
       4.912190884600e-01       4.553145992219e+01 
       4.943463579908e-01       4.493030431776e+01 
       4.974736276854e-01       4.434104592112e+01 
       5.006008975405e-01       4.376231917102e+01 
       5.037281675533e-01       4.319295880659e+01 
       5.068554377207e-01       4.263207582112e+01 
       5.099827080400e-01       4.207908048914e+01 
       5.131099785083e-01       4.153367485629e+01 
       5.162372491229e-01       4.099583023984e+01 
       5.193645198812e-01       4.046572049005e+01 
       5.224917907806e-01       3.994365035982e+01 
       5.256190618185e-01       3.942998802495e+01 
       5.287463329926e-01       3.892510012690e+01 
       5.318736043003e-01       3.842929045093e+01 
       5.350008757393e-01       3.794277197053e+01 
       5.381281473074e-01       3.746564544956e+01 
       5.412554190023e-01       3.699788504770e+01 
       5.443826908218e-01       3.653935397774e+01 
       5.475099627637e-01       3.608982277313e+01 
       5.506372348260e-01       3.564898629876e+01 
       5.537645070067e-01       3.521648875705e+01 
       5.568917793037e-01       3.479194430097e+01 
       5.600190517150e-01       3.437495028197e+01 
       5.631463242388e-01       3.396510562155e+01 
       5.662735968732e-01       3.356203426950e+01 
       5.694008696164e-01       3.316539659108e+01 
       5.725281424665e-01       3.277489889389e+01 
       5.756554154219e-01       3.239029545825e+01 
       5.787826884808e-01       3.201139436247e+01 
       5.819099616415e-01       3.163806886337e+01 
       5.850372349024e-01       3.127025252899e+01 
       5.881645082620e-01       3.090792251441e+01 
       5.912917817186e-01       3.055108607449e+01 
       5.944190552707e-01       3.019978019192e+01 
       5.975463289168e-01       2.985404857398e+01 
       6.006736026554e-01       2.951392460235e+01 
       6.038008764851e-01       2.917941285107e+01 
       6.069281504044e-01       2.885048320805e+01 
       6.100554244121e-01       2.852707225211e+01 
       6.131826985067e-01       2.820907943642e+01 
       6.163099726869e-01       2.789635784368e+01 
       6.194372469514e-01       2.758874340569e+01 
       6.225645212990e-01       2.728606328838e+01 
       6.256917957283e-01       2.698813485400e+01 
       6.288190702383e-01       2.669477134413e+01 
       6.319463448275e-01       2.640581455662e+01 
       6.350736194950e-01       2.612112417169e+01 
       6.382008942395e-01       2.584056660426e+01 
       6.413281690599e-01       2.556404202056e+01 
       6.444554439551e-01       2.529147427356e+01 
       6.475827189241e-01       2.502279468018e+01 
       6.507099939656e-01       2.475794891023e+01 
       6.538372690788e-01       2.449689926923e+01 
       6.569645442626e-01       2.423961093957e+01 
       6.600918195159e-01       2.398604211939e+01 
       6.632190948378e-01       2.373616228284e+01 
       6.663463702274e-01       2.348993938053e+01 
       6.694736456836e-01       2.324732321373e+01 
       6.726009212055e-01       2.300827321294e+01 
       6.757281967923e-01       2.277273872504e+01 
       6.788554724430e-01       2.254065083428e+01 
       6.819827481568e-01       2.231194761647e+01 
       6.851100239327e-01       2.208655845988e+01 
       6.882372997699e-01       2.186439524483e+01 
       6.913645756677e-01       2.164538555767e+01 
       6.944918516251e-01       2.142944995254e+01 
       6.976191276414e-01       2.121650442709e+01 
       7.007464037157e-01       2.100648517006e+01 
       7.038736798474e-01       2.079932449555e+01 
       7.070009560356e-01       2.059495841957e+01 
       7.101282322796e-01       2.039334501743e+01 
       7.132555085787e-01       2.019443247670e+01 
       7.163827849321e-01       1.999818040323e+01 
       7.195100613392e-01       1.980456173265e+01 
       7.226373377991e-01       1.961353247125e+01 
       7.257646143113e-01       1.942506571105e+01 
       7.288918908751e-01       1.923912804930e+01 
       7.320191674898e-01       1.905567673138e+01 
       7.993450636430e-01       1.563558154097e+01 
       8.964606726111e-01       1.204896905081e+01 
       1.050465808846e+00       8.363859016329e+00 
