# Matter power spectrum P(k) at redshift z=2.34
# for k=1.04216e-05 to 1.08687 h/Mpc,
# number of wavenumbers equal to 604
#    1:k (h/Mpc)              2:P (Mpc/h)^3        
       1.042159305790e-05       7.142256212298e+00 
       2.327065491504e-05       1.553435313938e+01 
       3.616467344436e-05       2.376657192935e+01 
       4.913816912464e-05       3.193704157948e+01 
       6.222623054825e-05       4.009787572408e+01 
       7.546482575493e-05       4.828742419504e+01 
       8.889112347280e-05       5.653822997361e+01 
       1.025438285197e-04       6.488015638263e+01 
       1.164635356510e-04       7.334196565839e+01 
       1.306931061722e-04       8.195224416092e+01 
       1.452780716436e-04       9.074005731117e+01 
       1.602670689463e-04       9.973544380046e+01 
       1.757123108067e-04       1.089698259710e+02 
       1.916700955207e-04       1.184764154114e+02 
       2.082013589804e-04       1.282905629793e+02 
       2.253722710624e-04       1.384501297953e+02 
       2.432548768228e-04       1.489958479890e+02 
       2.619277805455e-04       1.599716903017e+02 
       2.814768672457e-04       1.714252343173e+02 
       3.019960514156e-04       1.834080297563e+02 
       3.235880362513e-04       1.959759428464e+02 
       3.463650579177e-04       2.091894701597e+02 
       3.704495782233e-04       2.231139998017e+02 
       3.959748751353e-04       2.378199776787e+02 
       4.230854638676e-04       2.533829521025e+02 
       4.519372623079e-04       2.698834326349e+02 
       4.826973945983e-04       2.874065094911e+02 
       5.155435081536e-04       3.060411597029e+02 
       5.506624662346e-04       3.258791688051e+02 
       5.882482760070e-04       3.470135953843e+02 
       6.284991279767e-04       3.695367249268e+02 
       6.716134645583e-04       3.935374929316e+02 
       7.177850697867e-04       4.190984004982e+02 
       7.671972809633e-04       4.462920249258e+02 
       8.200165604921e-04       4.751773008784e+02 
       8.763858154063e-04       5.057958382141e+02 
       9.364179846722e-04       5.381686052419e+02 
       1.000190494535e-03       5.722933335103e+02 
       1.067741176407e-03       6.081429698600e+02 
       1.139066131515e-03       6.456654085499e+02 
       1.214119819148e-03       6.847845903366e+02 
       1.292817376789e-03       7.254028835329e+02 
       1.375038907064e-03       7.674021698478e+02 
       1.460635246729e-03       8.106513256072e+02 
       1.549434608876e-03       8.550140482432e+02 
       1.641249474603e-03       9.003455657776e+02 
       1.735883189233e-03       9.464998373025e+02 
       1.833135856926e-03       9.933330027165e+02 
       1.932809287215e-03       1.040706177504e+03 
       2.034710895449e-03       1.088487590714e+03 
       2.138656576439e-03       1.136554079211e+03 
       2.244472649586e-03       1.184792020315e+03 
       2.351997016768e-03       1.233097767224e+03 
       2.461079688549e-03       1.281377693548e+03 
       2.571582828955e-03       1.329547926236e+03 
       2.683380452246e-03       1.377533841475e+03 
       2.796357883159e-03       1.425269444420e+03 
       2.910411069356e-03       1.472696666512e+03 
       3.025445813778e-03       1.519764617378e+03 
       3.141376976536e-03       1.566428915208e+03 
       3.258127681244e-03       1.612651010812e+03 
       3.375628549176e-03       1.658397564318e+03 
       3.493816975898e-03       1.703639914621e+03 
       3.612636458628e-03       1.748353549947e+03 
       3.732035978033e-03       1.792517639178e+03 
       3.851969435050e-03       1.836114595363e+03 
       3.972395141241e-03       1.879129708962e+03 
       4.093275359919e-03       1.921550802958e+03 
       4.214575894555e-03       1.963367909046e+03 
       4.336265720608e-03       2.004573062589e+03 
       4.458316656869e-03       2.045160024966e+03 
       4.580703072473e-03       2.085124129779e+03 
       4.703401625923e-03       2.124462068190e+03 
       4.826391032738e-03       2.163171768656e+03 
       4.949651858613e-03       2.201252206124e+03 
       5.073166335232e-03       2.238703328749e+03 
       5.196918196213e-03       2.275525851816e+03 
       5.320892530891e-03       2.311720902108e+03 
       5.445075653895e-03       2.347290711767e+03 
       5.569454988725e-03       2.382237713083e+03 
       5.694018963724e-03       2.416564662701e+03 
       5.818756919026e-03       2.450275270089e+03 
       5.943659023241e-03       2.483373519524e+03 
       6.068716198757e-03       2.515863727843e+03 
       6.193920054713e-03       2.547750427757e+03 
       6.319262826760e-03       2.579038402251e+03 
       6.444737322869e-03       2.609732574095e+03 
       6.570336874520e-03       2.639838052965e+03 
       6.696055292682e-03       2.669360079411e+03 
       6.821886828059e-03       2.698304007006e+03 
       6.947826135152e-03       2.726675251325e+03 
       7.073868239734e-03       2.754479370324e+03 
       7.200008509364e-03       2.781721935485e+03 
       7.326242626641e-03       2.808408563659e+03 
       7.452566564906e-03       2.834544903362e+03 
       7.578976566138e-03       2.860136616296e+03 
       7.705469120838e-03       2.885189394312e+03 
       7.832040949684e-03       2.909708866984e+03 
       7.958688986795e-03       2.933700767088e+03 
       8.085410364444e-03       2.957170675060e+03 
       8.212202399073e-03       2.980124275860e+03 
       8.339062578494e-03       3.002567223206e+03 
       8.465988550164e-03       3.024505044476e+03 
       8.592978110424e-03       3.045943381270e+03 
       8.720029194622e-03       3.066887795656e+03 
       8.847139868039e-03       3.087343835156e+03 
       8.974308317537e-03       3.107316943487e+03 
       9.101532843877e-03       3.126812637148e+03 
       9.228811854633e-03       3.145836257797e+03 
       9.356143857665e-03       3.164393308657e+03 
       9.483527455088e-03       3.182489064783e+03 
       9.610961337712e-03       3.200128917034e+03 
       9.738444279891e-03       3.217317989491e+03 
       9.865975134771e-03       3.234061668162e+03 
       9.993552829878e-03       3.250365001789e+03 
       1.012117636305e-02       3.266233244547e+03 
       1.024884479864e-02       3.281671327883e+03 
       1.037655726405e-02       3.296684449217e+03 
       1.050431294641e-02       3.311277535728e+03 
       1.063211108965e-02       3.325455650677e+03 
       1.075995099163e-02       3.339223548396e+03 
       1.088783200155e-02       3.352586237180e+03 
       1.101575351756e-02       3.365548486216e+03 
       1.114371498450e-02       3.378115183290e+03 
       1.127171589179e-02       3.390290990468e+03 
       1.139975577148e-02       3.402080602599e+03 
       1.152783419651e-02       3.413488835350e+03 
       1.165595077894e-02       3.424520162375e+03 
       1.178410516844e-02       3.435179225084e+03 
       1.191229705081e-02       3.445470644257e+03 
       1.204052614666e-02       3.455398791662e+03 
       1.216879221009e-02       3.464968244165e+03 
       1.229709502759e-02       3.474183438252e+03 
       1.242543441689e-02       3.483048691743e+03 
       1.255381022600e-02       3.491568407169e+03 
       1.268222233224e-02       3.499746819154e+03 
       1.281067064139e-02       3.507588269955e+03 
       1.293915508686e-02       3.515096896644e+03 
       1.306767562897e-02       3.522276981085e+03 
       1.319623225425e-02       3.529132614944e+03 
       1.332482497478e-02       3.535667917609e+03 
       1.345345382766e-02       3.541887001757e+03 
       1.358211887440e-02       3.547793812753e+03 
       1.371082020049e-02       3.553392472305e+03 
       1.383955791490e-02       3.558686793300e+03 
       1.396833214968e-02       3.563680761906e+03 
       1.409714305959e-02       3.568378267511e+03 
       1.422599082178e-02       3.572783050279e+03 
       1.435487563544e-02       3.576898969721e+03 
       1.448379772155e-02       3.580729767358e+03 
       1.461275732265e-02       3.584279098452e+03 
       1.474175470263e-02       3.587550633747e+03 
       1.487079014650e-02       3.590548072601e+03 
       1.499986396030e-02       3.593274934634e+03 
       1.512897647092e-02       3.595734744444e+03 
       1.525812802602e-02       3.597931082043e+03 
       1.536280307510e-02       3.599519817020e+03 
       1.538731899394e-02       3.599867408697e+03 
       1.551654976364e-02       3.601547147723e+03 
       1.564582074468e-02       3.602973679925e+03 
       1.577513236717e-02       3.604150405192e+03 
       1.590448508184e-02       3.605080718566e+03 
       1.603387935999e-02       3.605767839746e+03 
       1.616331569362e-02       3.606215092898e+03 
       1.629279459543e-02       3.606425692644e+03 
       1.642231659893e-02       3.606402853506e+03 
       1.655188225858e-02       3.606149799502e+03 
       1.668149214985e-02       3.605669702960e+03 
       1.681114686942e-02       3.604965665421e+03 
       1.694084703528e-02       3.604040794540e+03 
       1.707059328698e-02       3.602898165672e+03 
       1.720038628575e-02       3.601540839101e+03 
       1.733022671477e-02       3.599971847071e+03 
       1.746011527935e-02       3.598194208501e+03 
       1.759005270721e-02       3.596210939101e+03 
       1.772003974873e-02       3.594024983528e+03 
       1.785007717721e-02       3.591639275934e+03 
       1.798016578919e-02       3.589056794714e+03 
       1.811030640476e-02       3.586280403044e+03 
       1.824049986785e-02       3.583312983716e+03 
       1.837074704663e-02       3.580157443811e+03 
       1.850104883382e-02       3.576816611152e+03 
       1.863140614711e-02       3.573293326855e+03 
       1.876181992953e-02       3.569590417606e+03 
       1.889229114985e-02       3.565710699934e+03 
       1.902282080306e-02       3.561656904507e+03 
       1.915340991075e-02       3.557431887861e+03 
       1.928405952162e-02       3.553038365884e+03 
       1.941477071196e-02       3.548479067544e+03 
       1.954554458613e-02       3.543756716860e+03 
       1.967638227709e-02       3.538874056631e+03 
       1.980728494693e-02       3.533833738815e+03 
       1.993825378746e-02       3.528638453613e+03 
       2.006929002074e-02       3.523290879889e+03 
       2.020039489971e-02       3.517793631023e+03 
       2.033156970879e-02       3.512149320996e+03 
       2.046281576452e-02       3.506360609616e+03 
       2.059413441623e-02       3.500430038257e+03 
       2.072552704671e-02       3.494360169423e+03 
       2.085699507293e-02       3.488153594308e+03 
       2.098853994674e-02       3.481812807125e+03 
       2.112016315564e-02       3.475340312399e+03 
       2.125186622355e-02       3.468738578945e+03 
       2.138365071158e-02       3.462010088289e+03 
       2.151551821893e-02       3.455157289485e+03 
       2.164747038363e-02       3.448182510758e+03 
       2.177950888353e-02       3.441088247596e+03 
       2.191163543710e-02       3.433876793180e+03 
       2.204385180446e-02       3.426550533237e+03 
       2.217615978826e-02       3.419111717195e+03 
       2.230856123471e-02       3.411562695309e+03 
       2.244105803461e-02       3.403905689458e+03 
       2.257365212440e-02       3.396142923271e+03 
       2.270634548721e-02       3.388276593285e+03 
       2.283914015404e-02       3.380308889460e+03 
       2.297203820489e-02       3.372241961029e+03 
       2.310504176993e-02       3.364077968477e+03 
       2.323815303079e-02       3.355818965241e+03 
       2.337137422175e-02       3.347467026350e+03 
       2.350470763113e-02       3.339024227232e+03 
       2.363815560259e-02       3.330492535826e+03 
       2.377172053653e-02       3.321874007112e+03 
       2.390540489156e-02       3.313170586716e+03 
       2.403921118595e-02       3.304384241400e+03 
       2.417314199916e-02       3.295516925768e+03 
       2.430719997345e-02       3.286570447275e+03 
       2.444138781549e-02       3.277546770169e+03 
       2.457570829807e-02       3.268447763808e+03 
       2.471016426180e-02       3.259275271911e+03 
       2.484475861694e-02       3.250031085645e+03 
       2.497949434524e-02       3.240716978769e+03 
       2.511437450189e-02       3.231334820148e+03 
       2.524940221745e-02       3.221886368166e+03 
       2.538458069993e-02       3.212373299989e+03 
       2.551991323691e-02       3.202797414754e+03 
       2.565540319772e-02       3.193160380531e+03 
       2.579105403567e-02       3.183463952556e+03 
       2.592686929048e-02       3.173709764740e+03 
       2.606285259059e-02       3.163899491549e+03 
       2.619900765574e-02       3.154034785028e+03 
       2.633533829953e-02       3.144117273899e+03 
       2.647184843212e-02       3.134148561977e+03 
       2.660854206297e-02       3.124130252596e+03 
       2.674542330376e-02       3.114063894496e+03 
       2.688249637133e-02       3.103951094891e+03 
       2.701976559079e-02       3.093793356732e+03 
       2.715723539871e-02       3.083592183144e+03 
       2.729491034641e-02       3.073349094819e+03 
       2.743279510342e-02       3.063065600816e+03 
       2.757089446101e-02       3.052743132811e+03 
       2.770921333594e-02       3.042383096243e+03 
       2.784775677420e-02       3.031986964463e+03 
       2.798652995507e-02       3.021556089304e+03 
       2.812553819521e-02       3.011091866705e+03 
       2.826478695292e-02       3.000595628719e+03 
       2.840428183264e-02       2.990068746069e+03 
       2.854402858953e-02       2.979512450983e+03 
       2.868403313429e-02       2.968928059074e+03 
       2.882430153814e-02       2.958316835747e+03 
       2.896484003803e-02       2.947680002241e+03 
       2.910565504201e-02       2.937018703087e+03 
       2.924675313489e-02       2.926334168999e+03 
       2.938814108404e-02       2.915627619725e+03 
       2.952982584548e-02       2.904900090466e+03 
       2.967181457025e-02       2.894152709313e+03 
       2.981411461098e-02       2.883386600730e+03 
       2.995673352879e-02       2.872602730653e+03 
       3.009967910044e-02       2.861802197463e+03 
       3.024295932583e-02       2.850986035585e+03 
       3.038658243576e-02       2.840155204184e+03 
       3.053055690013e-02       2.829310609116e+03 
       3.067489143641e-02       2.818453273402e+03 
       3.081959501849e-02       2.807584133992e+03 
       3.096467688597e-02       2.796704007743e+03 
       3.111014655389e-02       2.785813805528e+03 
       3.125601382279e-02       2.774914414706e+03 
       3.140228878936e-02       2.764006645984e+03 
       3.154898185749e-02       2.753091317041e+03 
       3.169610374991e-02       2.742169262862e+03 
       3.184366552032e-02       2.731241200892e+03 
       3.199167856616e-02       2.720307939377e+03 
       3.214015464190e-02       2.709370227571e+03 
       3.228910587309e-02       2.698428771842e+03 
       3.243854477102e-02       2.687484228425e+03 
       3.258848424813e-02       2.676537372818e+03 
       3.273893763420e-02       2.665588790029e+03 
       3.288991869335e-02       2.654639148492e+03 
       3.304144164193e-02       2.643689097751e+03 
       3.319352116728e-02       2.632739182121e+03 
       3.334617244750e-02       2.621790022300e+03 
       3.349941117231e-02       2.610842186511e+03 
       3.365325356492e-02       2.599896103412e+03 
       3.380771640518e-02       2.588952352999e+03 
       3.396281705389e-02       2.578011501527e+03 
       3.411857347851e-02       2.567073855329e+03 
       3.427500428033e-02       2.556139912093e+03 
       3.443212872304e-02       2.545210093343e+03 
       3.458996676307e-02       2.534284706601e+03 
       3.474853908157e-02       2.523364158317e+03 
       3.490786711831e-02       2.512448805428e+03 
       3.506797310751e-02       2.501538813829e+03 
       3.522888011587e-02       2.490634539356e+03 
       3.539061208285e-02       2.479736249756e+03 
       3.555319386338e-02       2.468844068023e+03 
       3.571665127327e-02       2.457958215163e+03 
       3.588101113735e-02       2.447078860850e+03 
       3.604630134077e-02       2.436206078737e+03 
       3.621255088345e-02       2.425340007349e+03 
       3.637978993817e-02       2.414480768674e+03 
       3.654804991238e-02       2.403628277390e+03 
       3.671736351414e-02       2.392782615012e+03 
       3.688776482253e-02       2.381943825302e+03 
       3.705928936276e-02       2.371111780822e+03 
       3.723197418660e-02       2.360286452974e+03 
       3.740585795829e-02       2.349467755252e+03 
       3.758098104665e-02       2.338655526801e+03 
       3.775738562376e-02       2.327849614180e+03 
       3.793511577081e-02       2.317049864435e+03 
       3.811421759188e-02       2.306256027652e+03 
       3.829473933609e-02       2.295467818318e+03 
       3.847673152919e-02       2.284684984657e+03 
       3.866024711519e-02       2.273907183929e+03 
       3.884534160920e-02       2.263134016680e+03 
       3.903207326230e-02       2.252365056845e+03 
       3.922050323983e-02       2.241599887284e+03 
       3.941069581424e-02       2.230837941231e+03 
       3.960271857402e-02       2.220078690703e+03 
       3.979664265033e-02       2.209321531449e+03 
       3.999254296308e-02       2.198565740965e+03 
       4.019049848858e-02       2.187810629095e+03 
       4.039059255096e-02       2.177055428292e+03 
       4.059291313992e-02       2.166299252373e+03 
       4.079755325774e-02       2.155541200437e+03 
       4.100461129875e-02       2.144780299270e+03 
       4.121419146494e-02       2.134015548095e+03 
       4.142640422191e-02       2.123245765369e+03 
       4.164136679983e-02       2.112469768336e+03 
       4.185920374481e-02       2.101686323121e+03 
       4.208004752685e-02       2.090894081573e+03 
       4.230403921128e-02       2.080091571571e+03 
       4.253132920179e-02       2.069277268485e+03 
       4.276207806430e-02       2.058449529254e+03 
       4.299645744211e-02       2.047606637830e+03 
       4.323465107487e-02       2.036746715469e+03 
       4.347685593518e-02       2.025867746871e+03 
       4.372328349961e-02       2.014967578265e+03 
       4.397416117308e-02       2.004043952943e+03 
       4.422973388908e-02       1.993094387598e+03 
       4.449026591178e-02       1.982116217037e+03 
       4.475604287094e-02       1.971106574639e+03 
       4.502737406580e-02       1.960062355948e+03 
       4.530459508077e-02       1.948980211246e+03 
       4.558807076398e-02       1.937856529910e+03 
       4.587819862903e-02       1.926687396475e+03 
       4.617541275267e-02       1.915468563062e+03 
       4.648018825523e-02       1.904195417864e+03 
       4.679304646854e-02       1.892862941018e+03 
       4.711456091819e-02       1.881465637401e+03 
       4.744536427410e-02       1.869997509758e+03 
       4.778615645717e-02       1.858451958837e+03 
       4.813771413232e-02       1.846821691981e+03 
       4.850090187100e-02       1.835098593310e+03 
       4.887668533343e-02       1.823273651031e+03 
       4.926614690486e-02       1.811336668934e+03 
       4.967050432777e-02       1.799276190136e+03 
       5.009113300758e-02       1.787079210438e+03 
       5.052959284337e-02       1.774730884276e+03 
       5.098766065611e-02       1.762214168929e+03 
       5.146736956855e-02       1.749509297250e+03 
       5.197105704839e-02       1.736593318593e+03 
       5.250142377568e-02       1.723439183449e+03 
       5.306160605264e-02       1.710014636718e+03 
       5.365526514658e-02       1.696280900637e+03 
       5.428669772987e-02       1.682190593326e+03 
       5.496097238797e-02       1.667685176595e+03 
       5.568409782905e-02       1.652691528695e+03 
       5.646322853493e-02       1.637117161395e+03 
       5.730691228227e-02       1.620843501801e+03 
       5.822537951507e-02       1.603716180033e+03 
       5.923086372352e-02       1.585531461527e+03 
       6.033791905352e-02       1.566018046167e+03 
       6.156365726558e-02       1.544813262330e+03 
       6.292774942956e-02       1.521433444840e+03 
       6.445192243826e-02       1.495240487002e+03 
       6.615855154428e-02       1.465420326892e+03 
       6.806791657765e-02       1.430999384846e+03 
       7.019399418323e-02       1.390936254297e+03 
       7.253956844789e-02       1.344341824867e+03 
       7.509274536629e-02       1.290808823030e+03 
       7.782740217666e-02       1.230749673504e+03 
       8.070829645898e-02       1.165549292639e+03 
       8.369846225351e-02       1.097423374868e+03 
       8.676528575935e-02       1.029031268611e+03 
       8.988335805079e-02       9.630177299591e+02 
       9.303454043600e-02       9.016360559890e+02 
       9.620662847125e-02       8.465179104308e+02 
       9.939172248960e-02       7.985880245540e+02 
       1.025848338634e-01       7.580892302333e+02 
       1.057828604996e-01       7.246752966043e+02 
       1.089838916422e-01       6.975351560559e+02 
       1.121867571010e-01       6.755271300589e+02 
       1.153907426586e-01       6.573116677471e+02 
       1.185954132250e-01       6.414801609032e+02 
       1.218005039880e-01       6.266790528387e+02 
       1.250058537987e-01       6.117256234681e+02 
       1.282113645438e-01       5.957061849003e+02 
       1.314169764193e-01       5.780440003132e+02 
       1.346226528997e-01       5.585254683476e+02 
       1.378283716069e-01       5.372811279624e+02 
       1.410341187660e-01       5.147255412233e+02 
       1.442398858380e-01       4.914690437009e+02 
       1.474456674757e-01       4.682173261093e+02 
       1.506514602818e-01       4.456754063401e+02 
       1.538572620540e-01       4.244673750867e+02 
       1.570630713262e-01       4.050787082806e+02 
       1.602688870890e-01       3.878232344102e+02 
       1.634747086190e-01       3.728332031920e+02 
       1.666805353747e-01       3.600683245451e+02 
       1.698863669322e-01       3.493388606160e+02 
       1.730922029463e-01       3.403381905295e+02 
       1.762980431253e-01       3.326807000763e+02 
       1.795038872159e-01       3.259415282048e+02 
       1.827097349933e-01       3.197173532172e+02 
       1.859155862547e-01       3.136697474383e+02 
       1.891214408152e-01       3.073859876166e+02 
       1.923272985044e-01       3.006226722826e+02 
       1.955331591650e-01       2.932461946155e+02 
       1.987390226506e-01       2.852377079178e+02 
       2.019448888247e-01       2.766827431160e+02 
       2.051507575598e-01       2.677472400140e+02 
       2.083566287364e-01       2.586452363559e+02 
       2.115625022425e-01       2.496050984691e+02 
       2.147683779730e-01       2.408410397627e+02 
       2.179742558288e-01       2.325334143475e+02 
       2.211801357169e-01       2.248180653000e+02 
       2.243860175495e-01       2.177824543750e+02 
       2.275919012438e-01       2.114656810085e+02 
       2.307977867218e-01       2.058604132382e+02 
       2.340036739095e-01       2.009163791196e+02 
       2.372095627373e-01       1.965460632089e+02 
       2.404154531391e-01       1.926334955817e+02 
       2.436213450523e-01       1.890461685979e+02 
       2.468272384176e-01       1.856489461495e+02 
       2.500331331789e-01       1.823176501991e+02 
       2.532390292828e-01       1.789500871211e+02 
       2.564449266786e-01       1.754729429977e+02 
       2.596508253181e-01       1.718442940655e+02 
       2.628567251557e-01       1.680525859784e+02 
       2.660626261477e-01       1.641133995134e+02 
       2.692685282527e-01       1.600649735634e+02 
       2.724744314311e-01       1.559627814737e+02 
       2.756803356453e-01       1.518731823526e+02 
       2.788862408593e-01       1.478660510930e+02 
       2.820921470389e-01       1.440068066694e+02 
       2.852980541514e-01       1.403490925623e+02 
       2.885039621654e-01       1.369294898113e+02 
       2.917098710511e-01       1.337649449203e+02 
       2.949157807799e-01       1.308535459641e+02 
       2.981216913244e-01       1.281776340331e+02 
       3.013276026585e-01       1.257080775736e+02 
       3.045335147572e-01       1.234087725636e+02 
       3.077394275963e-01       1.212401738040e+02 
       3.109453411529e-01       1.191623227006e+02 
       3.141512554049e-01       1.171371245923e+02 
       3.173571703312e-01       1.151309018791e+02 
       3.205630859113e-01       1.131167644285e+02 
       3.237690021258e-01       1.110769077623e+02 
       3.269749189559e-01       1.090038481997e+02 
       3.301808363836e-01       1.069002644633e+02 
       3.333867543916e-01       1.047774085028e+02 
       3.365926729632e-01       1.026522161124e+02 
       3.397985920824e-01       1.005443436045e+02 
       3.430045117338e-01       9.847345991472e+01 
       3.462104319025e-01       9.645742746630e+01 
       3.494163525742e-01       9.451132937758e+01 
       3.526222737351e-01       9.264679719858e+01 
       3.558281953720e-01       9.087150861274e+01 
       3.590341174720e-01       8.918865560304e+01 
       3.622400400228e-01       8.759646011663e+01 
       3.654459630125e-01       8.608818953192e+01 
       3.686518864295e-01       8.465298056945e+01 
       3.718578102628e-01       8.327734105935e+01 
       3.750637345017e-01       8.194703926814e+01 
       3.782696591358e-01       8.064894039470e+01 
       3.814755841550e-01       7.937227564105e+01 
       3.846815095498e-01       7.810916135501e+01 
       3.878874353108e-01       7.685447482433e+01 
       3.910933614289e-01       7.560545435327e+01 
       3.942992878953e-01       7.436133672755e+01 
       3.975052147017e-01       7.312319035333e+01 
       4.007111418399e-01       7.189383335433e+01 
       4.039170693018e-01       7.067765894481e+01 
       4.071229970798e-01       6.948012934605e+01 
       4.103289251666e-01       6.830697357010e+01 
       4.135348535548e-01       6.716327704567e+01 
       4.167407822375e-01       6.605273283613e+01 
       4.199467112079e-01       6.497732176794e+01 
       4.231526404595e-01       6.393743184275e+01 
       4.263585699858e-01       6.293230706549e+01 
       4.295644997808e-01       6.196050714873e+01 
       4.327704298384e-01       6.102018731768e+01 
       4.359763601528e-01       6.010911258774e+01 
       4.391822907184e-01       5.922454505121e+01 
       4.423882215297e-01       5.836316464450e+01 
       4.455941525813e-01       5.752123260759e+01 
       4.488000838681e-01       5.669500400873e+01 
       4.520060153851e-01       5.588124989815e+01 
       4.552119471274e-01       5.507769735758e+01 
       4.584178790902e-01       5.428318216807e+01 
       4.616238112690e-01       5.349751148974e+01 
       4.648297436592e-01       5.272113483478e+01 
       4.680356762565e-01       5.195480284142e+01 
       4.712416090567e-01       5.119936875802e+01 
       4.744475420556e-01       5.045579514009e+01 
       4.776534752492e-01       4.972523239396e+01 
       4.808594086336e-01       4.900906343313e+01 
       4.840653422050e-01       4.830876631265e+01 
       4.872712759597e-01       4.762563319346e+01 
       4.904772098941e-01       4.696042133932e+01 
       4.936831440047e-01       4.631312582482e+01 
       4.968890782880e-01       4.568295952354e+01 
       5.000950127408e-01       4.506857885439e+01 
       5.033009473597e-01       4.446841653271e+01 
       5.065068821417e-01       4.388098785807e+01 
       5.097128170835e-01       4.330505746632e+01 
       5.129187521823e-01       4.273961202137e+01 
       5.161246874351e-01       4.218376172679e+01 
       5.193306228390e-01       4.163664279502e+01 
       5.225365583913e-01       4.109743357163e+01 
       5.257424940891e-01       4.056549334508e+01 
       5.289484299299e-01       4.004051181488e+01 
       5.321543659111e-01       3.952261035895e+01 
       5.353603020301e-01       3.901228270278e+01 
       5.385662382845e-01       3.851019287624e+01 
       5.417721746719e-01       3.801693805603e+01 
       5.449781111898e-01       3.753285557345e+01 
       5.481840478361e-01       3.705798843523e+01 
       5.513899846084e-01       3.659216728768e+01 
       5.545959215046e-01       3.613518337723e+01 
       5.578018585225e-01       3.568690475590e+01 
       5.610077956600e-01       3.524730160326e+01 
       5.642137329151e-01       3.481634037474e+01 
       5.674196702859e-01       3.439386104163e+01 
       5.706256077702e-01       3.397948740598e+01 
       5.738315453663e-01       3.357265291263e+01 
       5.770374830723e-01       3.317272876408e+01 
       5.802434208862e-01       3.277917727954e+01 
       5.834493588065e-01       3.239165862846e+01 
       5.866552968312e-01       3.201002827280e+01 
       5.898612349587e-01       3.163425522722e+01 
       5.930671731874e-01       3.126429692596e+01 
       5.962731115155e-01       3.090002010754e+01 
       5.994790499415e-01       3.054119785568e+01 
       6.026849884638e-01       3.018759627908e+01 
       6.058909270810e-01       2.983909711115e+01 
       6.090968657914e-01       2.949575442358e+01 
       6.123028045936e-01       2.915775944430e+01 
       6.155087434862e-01       2.882532945882e+01 
       6.187146824678e-01       2.849859598826e+01 
       6.219206215369e-01       2.817752807496e+01 
       6.251265606923e-01       2.786192994509e+01 
       6.283324999326e-01       2.755152192388e+01 
       6.315384392566e-01       2.724606402807e+01 
       6.347443786628e-01       2.694542351948e+01 
       6.379503181502e-01       2.664955571273e+01 
       6.411562577175e-01       2.635843497380e+01 
       6.443621973635e-01       2.607198437018e+01 
       6.475681370869e-01       2.579002496892e+01 
       6.507740768868e-01       2.551227943624e+01 
       6.539800167619e-01       2.523847316077e+01 
       6.571859567111e-01       2.496842356804e+01 
       6.603918967334e-01       2.470207310521e+01 
       6.635978368277e-01       2.443946842026e+01 
       6.668037769929e-01       2.418070176688e+01 
       6.700097172281e-01       2.392581336142e+01 
       6.732156575322e-01       2.367473087563e+01 
       6.764215979043e-01       2.342731219158e+01 
       6.796275383433e-01       2.318340294715e+01 
       6.828334788484e-01       2.294288908287e+01 
       6.860394194186e-01       2.270576475516e+01 
       6.892453600530e-01       2.247210013081e+01 
       6.924513007507e-01       2.224195554870e+01 
       6.956572415108e-01       2.201533529235e+01 
       6.988631823325e-01       2.179215397607e+01 
       7.020691232149e-01       2.157222473939e+01 
       7.052750641572e-01       2.135536523463e+01 
       7.084810051586e-01       2.114144675061e+01 
       7.116869462183e-01       2.093041408727e+01 
       7.148928873355e-01       2.072229165210e+01 
       7.180988285094e-01       2.051711660311e+01 
       7.213047697392e-01       2.031486415181e+01 
       7.245107110243e-01       2.011544963829e+01 
       7.277166523639e-01       1.991873217958e+01 
       7.309225937572e-01       1.972456177201e+01 
       7.341285352036e-01       1.953286795604e+01 
       7.373344767024e-01       1.934364131172e+01 
       7.405404182528e-01       1.915693644331e+01 
       7.437463598543e-01       1.897281967948e+01 
       7.469523015061e-01       1.879128525485e+01 
       7.501582432077e-01       1.861227083085e+01 
       7.533641849583e-01       1.843565790500e+01 
       8.234845903699e-01       1.509243532114e+01 
       9.251206792204e-01       1.158496629925e+01 
       1.086873496507e+00       7.993207472882e+00 
