# Matter power spectrum P(k) at redshift z=0
# for k=1.04216e-05 to 1.08687 h/Mpc,
# number of wavenumbers equal to 604
#    1:k (h/Mpc)              2:P (Mpc/h)^3        
       1.042159305790e-05       5.018713742421e+01 
       2.327065491504e-05       1.092883369532e+02 
       3.616467344436e-05       1.672335461673e+02 
       4.913816912464e-05       2.247369673390e+02 
       6.222623054825e-05       2.821691964268e+02 
       7.546482575493e-05       3.398010745825e+02 
       8.889112347280e-05       3.978618158736e+02 
       1.025438285197e-04       4.565614977363e+02 
       1.164635356510e-04       5.161022706837e+02 
       1.306931061722e-04       5.766849685686e+02 
       1.452780716436e-04       6.385136831610e+02 
       1.602670689463e-04       7.017992564439e+02 
       1.757123108067e-04       7.667622140243e+02 
       1.916700955207e-04       8.336355109672e+02 
       2.082013589804e-04       9.026670572138e+02 
       2.253722710624e-04       9.741222701487e+02 
       2.432548768228e-04       1.048286603511e+03 
       2.619277805455e-04       1.125468108418e+03 
       2.814768672457e-04       1.205999983086e+03 
       3.019960514156e-04       1.290243102596e+03 
       3.235880362513e-04       1.378588417804e+03 
       3.463650579177e-04       1.471459129670e+03 
       3.704495782233e-04       1.569312477919e+03 
       3.959748751353e-04       1.672640903749e+03 
       4.230854638676e-04       1.781972331635e+03 
       4.519372623079e-04       1.897869191799e+03 
       4.826973945983e-04       2.020925775972e+03 
       5.155435081536e-04       2.151763441238e+03 
       5.506624662346e-04       2.291023160047e+03 
       5.882482760070e-04       2.439354932645e+03 
       6.284991279767e-04       2.597403689463e+03 
       6.716134645583e-04       2.765791517535e+03 
       7.177850697867e-04       2.945096384600e+03 
       7.671972809633e-04       3.135827992616e+03 
       8.200165604921e-04       3.338401952918e+03 
       8.763858154063e-04       3.553114037865e+03 
       9.364179846722e-04       3.780116735708e+03 
       1.000190494535e-03       4.019400556625e+03 
       1.067741176407e-03       4.270782413898e+03 
       1.139066131515e-03       4.533902840765e+03 
       1.214119819148e-03       4.808232857405e+03 
       1.292817376789e-03       5.093090108067e+03 
       1.375038907064e-03       5.387646422646e+03 
       1.460635246729e-03       5.690980497138e+03 
       1.549434608876e-03       6.002133333834e+03 
       1.641249474603e-03       6.320086095231e+03 
       1.735883189233e-03       6.643811131479e+03 
       1.833135856926e-03       6.972296634994e+03 
       1.932809287215e-03       7.304566476855e+03 
       2.034710895449e-03       7.639695269180e+03 
       2.138656576439e-03       7.976818707283e+03 
       2.244472649586e-03       8.315139811710e+03 
       2.351997016768e-03       8.653931579466e+03 
       2.461079688549e-03       8.992536956219e+03 
       2.571582828955e-03       9.330366816128e+03 
       2.683380452246e-03       9.666896517662e+03 
       2.796357883159e-03       1.000166183507e+04 
       2.910411069356e-03       1.033425431614e+04 
       3.025445813778e-03       1.066431618809e+04 
       3.141376976536e-03       1.099153569416e+04 
       3.258127681244e-03       1.131564223226e+04 
       3.375628549176e-03       1.163640165650e+04 
       3.493816975898e-03       1.195361336810e+04 
       3.612636458628e-03       1.226710611045e+04 
       3.732035978033e-03       1.257673439029e+04 
       3.851969435050e-03       1.288237540964e+04 
       3.972395141241e-03       1.318392654216e+04 
       4.093275359919e-03       1.348130297972e+04 
       4.214575894555e-03       1.377443549507e+04 
       4.336265720608e-03       1.406326900309e+04 
       4.458316656869e-03       1.434776053573e+04 
       4.580703072473e-03       1.462787809498e+04 
       4.703401625923e-03       1.490359908005e+04 
       4.826391032738e-03       1.517490941666e+04 
       4.949651858613e-03       1.544180231266e+04 
       5.073166335232e-03       1.570427767139e+04 
       5.196918196213e-03       1.596234069723e+04 
       5.320892530891e-03       1.621599935724e+04 
       5.445075653895e-03       1.646526947235e+04 
       5.569454988725e-03       1.671017059766e+04 
       5.694018963724e-03       1.695072399202e+04 
       5.818756919026e-03       1.718695422385e+04 
       5.943659023241e-03       1.741888794715e+04 
       6.068716198757e-03       1.764655430299e+04 
       6.193920054713e-03       1.786998409324e+04 
       6.319262826760e-03       1.808921002531e+04 
       6.444737322869e-03       1.830426592476e+04 
       6.570336874520e-03       1.851518706680e+04 
       6.696055292682e-03       1.872200975649e+04 
       6.821886828059e-03       1.892477118601e+04 
       6.947826135152e-03       1.912350905135e+04 
       7.073868239734e-03       1.931826211525e+04 
       7.200008509364e-03       1.950906928916e+04 
       7.326242626641e-03       1.969596986193e+04 
       7.452566564906e-03       1.987900340411e+04 
       7.578976566138e-03       2.005820963978e+04 
       7.705469120838e-03       2.023362855916e+04 
       7.832040949684e-03       2.040529974987e+04 
       7.958688986795e-03       2.057326357347e+04 
       8.085410364444e-03       2.073755932117e+04 
       8.212202399073e-03       2.089822701835e+04 
       8.339062578494e-03       2.105530651998e+04 
       8.465988550164e-03       2.120883680171e+04 
       8.592978110424e-03       2.135885767340e+04 
       8.720029194622e-03       2.150540839877e+04 
       8.847139868039e-03       2.164852815881e+04 
       8.974308317537e-03       2.178825541037e+04 
       9.101532843877e-03       2.192462914287e+04 
       9.228811854633e-03       2.205768711457e+04 
       9.356143857665e-03       2.218746823445e+04 
       9.483527455088e-03       2.231400979974e+04 
       9.610961337712e-03       2.243734992822e+04 
       9.738444279891e-03       2.255752484918e+04 
       9.865975134771e-03       2.267457263851e+04 
       9.993552829878e-03       2.278852898454e+04 
       1.012117636305e-02       2.289943102085e+04 
       1.024884479864e-02       2.300731359466e+04 
       1.037655726405e-02       2.311221342382e+04 
       1.050431294641e-02       2.321416531231e+04 
       1.063211108965e-02       2.331320502039e+04 
       1.075995099163e-02       2.340936611896e+04 
       1.088783200155e-02       2.350268396617e+04 
       1.101575351756e-02       2.359319222557e+04 
       1.114371498450e-02       2.368092539112e+04 
       1.127171589179e-02       2.376591634970e+04 
       1.139975577148e-02       2.384819821007e+04 
       1.152783419651e-02       2.392780491583e+04 
       1.165595077894e-02       2.400476798294e+04 
       1.178410516844e-02       2.407912009015e+04 
       1.191229705081e-02       2.415089375183e+04 
       1.204052614666e-02       2.422011970576e+04 
       1.216879221009e-02       2.428683011532e+04 
       1.229709502759e-02       2.435105613625e+04 
       1.242543441689e-02       2.441282807394e+04 
       1.255381022600e-02       2.447217681831e+04 
       1.268222233224e-02       2.452913206488e+04 
       1.281067064139e-02       2.458372426266e+04 
       1.293915508686e-02       2.463598240852e+04 
       1.306767562897e-02       2.468593651934e+04 
       1.319623225425e-02       2.473361527062e+04 
       1.332482497478e-02       2.477904753326e+04 
       1.345345382766e-02       2.482226213180e+04 
       1.358211887440e-02       2.486328671111e+04 
       1.371082020049e-02       2.490215015955e+04 
       1.383955791490e-02       2.493887918857e+04 
       1.396833214968e-02       2.497350173000e+04 
       1.409714305959e-02       2.500604503574e+04 
       1.422599082178e-02       2.503653530724e+04 
       1.435487563544e-02       2.506499959109e+04 
       1.448379772155e-02       2.509146410975e+04 
       1.461275732265e-02       2.511595448542e+04 
       1.474175470263e-02       2.513849646250e+04 
       1.487079014650e-02       2.515911599835e+04 
       1.499986396030e-02       2.517783780145e+04 
       1.512897647092e-02       2.519468663131e+04 
       1.525812802602e-02       2.520968765569e+04 
       1.536280307510e-02       2.522050381535e+04 
       1.538731899394e-02       2.522286522560e+04 
       1.551654976364e-02       2.523424344299e+04 
       1.564582074468e-02       2.524384613016e+04 
       1.577513236717e-02       2.525169726373e+04 
       1.590448508184e-02       2.525782080251e+04 
       1.603387935999e-02       2.526223949250e+04 
       1.616331569362e-02       2.526497682947e+04 
       1.629279459543e-02       2.526605555749e+04 
       1.642231659893e-02       2.526549843477e+04 
       1.655188225858e-02       2.526332830026e+04 
       1.668149214985e-02       2.525956764305e+04 
       1.681114686942e-02       2.525423846667e+04 
       1.694084703528e-02       2.524736282740e+04 
       1.707059328698e-02       2.523896256410e+04 
       1.720038628575e-02       2.522905941588e+04 
       1.733022671477e-02       2.521767493101e+04 
       1.746011527935e-02       2.520483056622e+04 
       1.759005270721e-02       2.519054775838e+04 
       1.772003974873e-02       2.517484744278e+04 
       1.785007717721e-02       2.515775047953e+04 
       1.798016578919e-02       2.513927803285e+04 
       1.811030640476e-02       2.511945045134e+04 
       1.824049986785e-02       2.509828821068e+04 
       1.837074704663e-02       2.507581194521e+04 
       1.850104883382e-02       2.505204171817e+04 
       1.863140614711e-02       2.502699767002e+04 
       1.876181992953e-02       2.500069982029e+04 
       1.889229114985e-02       2.497316809582e+04 
       1.902282080306e-02       2.494442179894e+04 
       1.915340991075e-02       2.491448108987e+04 
       1.928405952162e-02       2.488336511565e+04 
       1.941477071196e-02       2.485109308718e+04 
       1.954554458613e-02       2.481768415274e+04 
       1.967638227709e-02       2.478315756201e+04 
       1.980728494693e-02       2.474753189872e+04 
       1.993825378746e-02       2.471082598340e+04 
       2.006929002074e-02       2.467305852924e+04 
       2.020039489971e-02       2.463424775976e+04 
       2.033156970879e-02       2.459441187604e+04 
       2.046281576452e-02       2.455356937372e+04 
       2.059413441623e-02       2.451173789256e+04 
       2.072552704671e-02       2.446893520011e+04 
       2.085699507293e-02       2.442517924323e+04 
       2.098853994674e-02       2.438048727294e+04 
       2.112016315564e-02       2.433487659788e+04 
       2.125186622355e-02       2.428836426647e+04 
       2.138365071158e-02       2.424096740820e+04 
       2.151551821893e-02       2.419270292210e+04 
       2.164747038363e-02       2.414358685935e+04 
       2.177950888353e-02       2.409363644804e+04 
       2.191163543710e-02       2.404286750490e+04 
       2.204385180446e-02       2.399129650647e+04 
       2.217615978826e-02       2.393893898749e+04 
       2.230856123471e-02       2.388581120709e+04 
       2.244105803461e-02       2.383192854389e+04 
       2.257365212440e-02       2.377730641130e+04 
       2.270634548721e-02       2.372196005736e+04 
       2.283914015404e-02       2.366590471041e+04 
       2.297203820489e-02       2.360915534080e+04 
       2.310504176993e-02       2.355172702601e+04 
       2.323815303079e-02       2.349363412189e+04 
       2.337137422175e-02       2.343489116450e+04 
       2.350470763113e-02       2.337551272006e+04 
       2.363815560259e-02       2.331551262947e+04 
       2.377172053653e-02       2.325490536921e+04 
       2.390540489156e-02       2.319370467362e+04 
       2.403921118595e-02       2.313192444660e+04 
       2.417314199916e-02       2.306957852590e+04 
       2.430719997345e-02       2.300667973535e+04 
       2.444138781549e-02       2.294324201083e+04 
       2.457570829807e-02       2.287927863394e+04 
       2.471016426180e-02       2.281480271394e+04 
       2.484475861694e-02       2.274982699498e+04 
       2.497949434524e-02       2.268436409986e+04 
       2.511437450189e-02       2.261842731553e+04 
       2.524940221745e-02       2.255202914786e+04 
       2.538458069993e-02       2.248518152467e+04 
       2.551991323691e-02       2.241789721550e+04 
       2.565540319772e-02       2.235018805707e+04 
       2.579105403567e-02       2.228206647946e+04 
       2.592686929048e-02       2.221354404290e+04 
       2.606285259059e-02       2.214463257033e+04 
       2.619900765574e-02       2.207534370470e+04 
       2.633533829953e-02       2.200568890216e+04 
       2.647184843212e-02       2.193567942000e+04 
       2.660854206297e-02       2.186532648658e+04 
       2.674542330376e-02       2.179464092432e+04 
       2.688249637133e-02       2.172363394134e+04 
       2.701976559079e-02       2.165231599300e+04 
       2.715723539871e-02       2.158069751345e+04 
       2.729491034641e-02       2.150878904158e+04 
       2.743279510342e-02       2.143660101738e+04 
       2.757089446101e-02       2.136414332340e+04 
       2.770921333594e-02       2.129142564639e+04 
       2.784775677420e-02       2.121845813988e+04 
       2.798652995507e-02       2.114525010032e+04 
       2.812553819521e-02       2.107181112950e+04 
       2.826478695292e-02       2.099815038251e+04 
       2.840428183264e-02       2.092427728928e+04 
       2.854402858953e-02       2.085020031562e+04 
       2.868403313429e-02       2.077592852186e+04 
       2.882430153814e-02       2.070147062883e+04 
       2.896484003803e-02       2.062683506351e+04 
       2.910565504201e-02       2.055202973293e+04 
       2.924675313489e-02       2.047706316657e+04 
       2.938814108404e-02       2.040194383861e+04 
       2.952982584548e-02       2.032667895132e+04 
       2.967181457025e-02       2.025127637996e+04 
       2.981411461098e-02       2.017574399676e+04 
       2.995673352879e-02       2.010008858447e+04 
       3.009967910044e-02       2.002431787397e+04 
       3.024295932583e-02       1.994843916726e+04 
       3.038658243576e-02       1.987245925547e+04 
       3.053055690013e-02       1.979638457069e+04 
       3.067489143641e-02       1.972022237663e+04 
       3.081959501849e-02       1.964397934303e+04 
       3.096467688597e-02       1.956766130199e+04 
       3.111014655389e-02       1.949127474601e+04 
       3.125601382279e-02       1.941482600079e+04 
       3.140228878936e-02       1.933832084802e+04 
       3.154898185749e-02       1.926176510909e+04 
       3.169610374991e-02       1.918516471455e+04 
       3.184366552032e-02       1.910852475544e+04 
       3.199167856616e-02       1.903185094068e+04 
       3.214015464190e-02       1.895514854681e+04 
       3.228910587309e-02       1.887842252822e+04 
       3.243854477102e-02       1.880167746601e+04 
       3.258848424813e-02       1.872491875565e+04 
       3.273893763420e-02       1.864815043538e+04 
       3.288991869335e-02       1.857137710860e+04 
       3.304144164193e-02       1.849460322833e+04 
       3.319352116728e-02       1.841783249391e+04 
       3.334617244750e-02       1.834106912785e+04 
       3.349941117231e-02       1.826431697585e+04 
       3.365325356492e-02       1.818757890077e+04 
       3.380771640518e-02       1.811085882343e+04 
       3.396281705389e-02       1.803416057249e+04 
       3.411857347851e-02       1.795748616224e+04 
       3.427500428033e-02       1.788083895820e+04 
       3.443212872304e-02       1.780422180734e+04 
       3.458996676307e-02       1.772763677485e+04 
       3.474853908157e-02       1.765108663906e+04 
       3.490786711831e-02       1.757457385342e+04 
       3.506797310751e-02       1.749809955573e+04 
       3.522888011587e-02       1.742166623636e+04 
       3.539061208285e-02       1.734527579163e+04 
       3.555319386338e-02       1.726892912359e+04 
       3.571665127327e-02       1.719262783875e+04 
       3.588101113735e-02       1.711637319920e+04 
       3.604630134077e-02       1.704016580435e+04 
       3.621255088345e-02       1.696400671457e+04 
       3.637978993817e-02       1.688789687621e+04 
       3.654804991238e-02       1.681183577984e+04 
       3.671736351414e-02       1.673582407598e+04 
       3.688776482253e-02       1.665986213841e+04 
       3.705928936276e-02       1.658394912419e+04 
       3.723197418660e-02       1.650808486240e+04 
       3.740585795829e-02       1.643226875357e+04 
       3.758098104665e-02       1.635649965253e+04 
       3.775738562376e-02       1.628077644126e+04 
       3.793511577081e-02       1.620509798126e+04 
       3.811421759188e-02       1.612946243266e+04 
       3.829473933609e-02       1.605386768771e+04 
       3.847673152919e-02       1.597831186086e+04 
       3.866024711519e-02       1.590279242047e+04 
       3.884534160920e-02       1.582730643486e+04 
       3.903207326230e-02       1.575185078997e+04 
       3.922050323983e-02       1.567642244363e+04 
       3.941069581424e-02       1.560101732258e+04 
       3.960271857402e-02       1.552563164676e+04 
       3.979664265033e-02       1.545026112815e+04 
       3.999254296308e-02       1.537490067962e+04 
       4.019049848858e-02       1.529954547095e+04 
       4.039059255096e-02       1.522419015952e+04 
       4.059291313992e-02       1.514882859868e+04 
       4.079755325774e-02       1.507345456074e+04 
       4.100461129875e-02       1.499806132686e+04 
       4.121419146494e-02       1.492264199222e+04 
       4.142640422191e-02       1.484718838336e+04 
       4.164136679983e-02       1.477169230609e+04 
       4.185920374481e-02       1.469614518594e+04 
       4.208004752685e-02       1.462053761734e+04 
       4.230403921128e-02       1.454485928884e+04 
       4.253132920179e-02       1.446909947946e+04 
       4.276207806430e-02       1.439324659646e+04 
       4.299645744211e-02       1.431728849688e+04 
       4.323465107487e-02       1.424121186641e+04 
       4.347685593518e-02       1.416500241423e+04 
       4.372328349961e-02       1.408864487397e+04 
       4.397416117308e-02       1.401212326979e+04 
       4.422973388908e-02       1.393542006796e+04 
       4.449026591178e-02       1.385851650607e+04 
       4.475604287094e-02       1.378139246900e+04 
       4.502737406580e-02       1.370402624044e+04 
       4.530459508077e-02       1.362639444922e+04 
       4.558807076398e-02       1.354847194876e+04 
       4.587819862903e-02       1.347023148805e+04 
       4.617541275267e-02       1.339164348871e+04 
       4.648018825523e-02       1.331267578856e+04 
       4.679304646854e-02       1.323329329593e+04 
       4.711456091819e-02       1.315345748875e+04 
       4.744536427410e-02       1.307312620997e+04 
       4.778615645717e-02       1.299225297307e+04 
       4.813771413232e-02       1.291078635448e+04 
       4.850090187100e-02       1.282866914391e+04 
       4.887668533343e-02       1.274583791576e+04 
       4.926614690486e-02       1.266222109383e+04 
       4.967050432777e-02       1.257773848119e+04 
       5.009113300758e-02       1.249229926607e+04 
       5.052959284337e-02       1.240579989818e+04 
       5.098766065611e-02       1.231812144695e+04 
       5.146736956855e-02       1.222912570148e+04 
       5.197105704839e-02       1.213865176631e+04 
       5.250142377568e-02       1.204650959834e+04 
       5.306160605264e-02       1.195247245552e+04 
       5.365526514658e-02       1.185626814703e+04 
       5.428669772987e-02       1.175756502454e+04 
       5.496097238797e-02       1.165595434803e+04 
       5.568409782905e-02       1.155092573435e+04 
       5.646322853493e-02       1.144183238547e+04 
       5.730691228227e-02       1.132784322320e+04 
       5.822537951507e-02       1.120787635610e+04 
       5.923086372352e-02       1.108050761629e+04 
       6.033791905352e-02       1.094384377994e+04 
       6.156365726558e-02       1.079535003908e+04 
       6.292774942956e-02       1.063164163525e+04 
       6.445192243826e-02       1.044826314083e+04 
       6.615855154428e-02       1.023953290991e+04 
       6.806791657765e-02       9.998646079749e+03 
       7.019399418323e-02       9.718341840373e+03 
       7.253956844789e-02       9.392413557833e+03 
       7.509274536629e-02       9.018035099917e+03 
       7.782740217666e-02       8.598095856356e+03 
       8.070829645898e-02       8.142285192140e+03 
       8.369846225351e-02       7.666086073000e+03 
       8.676528575935e-02       7.188074766135e+03 
       8.988335805079e-02       6.726724504139e+03 
       9.303454043600e-02       6.297769623800e+03 
       9.620662847125e-02       5.912599647179e+03 
       9.939172248960e-02       5.577667121100e+03 
       1.025848338634e-01       5.294662298465e+03 
       1.057828604996e-01       5.061160978240e+03 
       1.089838916422e-01       4.871493719065e+03 
       1.121867571010e-01       4.717684118055e+03 
       1.153907426586e-01       4.590374684110e+03 
       1.185954132250e-01       4.479725920240e+03 
       1.218005039880e-01       4.376283746010e+03 
       1.250058537987e-01       4.271787875454e+03 
       1.282113645438e-01       4.159856715856e+03 
       1.314169764193e-01       4.036461963265e+03 
       1.346226528997e-01       3.900111962063e+03 
       1.378283716069e-01       3.751718319466e+03 
       1.410341187660e-01       3.594175382156e+03 
       1.442398858380e-01       3.431744427780e+03 
       1.474456674757e-01       3.269352723868e+03 
       1.506514602818e-01       3.111922471329e+03 
       1.538572620540e-01       2.963810399640e+03 
       1.570630713262e-01       2.828405591975e+03 
       1.602688870890e-01       2.707898889824e+03 
       1.634747086190e-01       2.603213071311e+03 
       1.666805353747e-01       2.514066016987e+03 
       1.698863669322e-01       2.439132398210e+03 
       1.730922029463e-01       2.376271032036e+03 
       1.762980431253e-01       2.322789138076e+03 
       1.795038872159e-01       2.275719982557e+03 
       1.827097349933e-01       2.232248298791e+03 
       1.859155862547e-01       2.190012990806e+03 
       1.891214408152e-01       2.146129374619e+03 
       1.923272985044e-01       2.098897625502e+03 
       1.955331591650e-01       2.047384858944e+03 
       1.987390226506e-01       1.991459748937e+03 
       2.019448888247e-01       1.931719876551e+03 
       2.051507575598e-01       1.869324362151e+03 
       2.083566287364e-01       1.805768113122e+03 
       2.115625022425e-01       1.742645701425e+03 
       2.147683779730e-01       1.681452410919e+03 
       2.179742558288e-01       1.623446883775e+03 
       2.211801357169e-01       1.569576966261e+03 
       2.243860175495e-01       1.520452801733e+03 
       2.275919012438e-01       1.476347123730e+03 
       2.307977867218e-01       1.437208813749e+03 
       2.340036739095e-01       1.402687114699e+03 
       2.372095627373e-01       1.372171201763e+03 
       2.404154531391e-01       1.344851510950e+03 
       2.436213450523e-01       1.319802952553e+03 
       2.468272384176e-01       1.296081993476e+03 
       2.500331331789e-01       1.272821571621e+03 
       2.532390292828e-01       1.249308208259e+03 
       2.564449266786e-01       1.225030141874e+03 
       2.596508253181e-01       1.199694720015e+03 
       2.628567251557e-01       1.173221229219e+03 
       2.660626261477e-01       1.145718371346e+03 
       2.692685282527e-01       1.117453009143e+03 
       2.724744314311e-01       1.088812292133e+03 
       2.756803356453e-01       1.060259432773e+03 
       2.788862408593e-01       1.032282337814e+03 
       2.820921470389e-01       1.005337874872e+03 
       2.852980541514e-01       9.798006490440e+02 
       2.885039621654e-01       9.559260781215e+02 
       2.917098710511e-01       9.338324504211e+02 
       2.949157807799e-01       9.135063145292e+02 
       2.981216913244e-01       8.948242270641e+02 
       3.013276026585e-01       8.775827031876e+02 
       3.045335147572e-01       8.615296878286e+02 
       3.077394275963e-01       8.463891533924e+02 
       3.109453411529e-01       8.318821882819e+02 
       3.141512554049e-01       8.177428911420e+02 
       3.173571703312e-01       8.037361714069e+02 
       3.205630859113e-01       7.896742668943e+02 
       3.237690021258e-01       7.754328246311e+02 
       3.269749189559e-01       7.609595865818e+02 
       3.301808363836e-01       7.462732871160e+02 
       3.333867543916e-01       7.314525249863e+02 
       3.365926729632e-01       7.166155778219e+02 
       3.397985920824e-01       7.018996999289e+02 
       3.430045117338e-01       6.874421853549e+02 
       3.462104319025e-01       6.733676726185e+02 
       3.494163525742e-01       6.597814041902e+02 
       3.526222737351e-01       6.467645610905e+02 
       3.558281953720e-01       6.343707440041e+02 
       3.590341174720e-01       6.226222543339e+02 
       3.622400400228e-01       6.115067097870e+02 
       3.654459630125e-01       6.009771188795e+02 
       3.686518864295e-01       5.909576053369e+02 
       3.718578102628e-01       5.813539195507e+02 
       3.750637345017e-01       5.720666717265e+02 
       3.782696591358e-01       5.630041585814e+02 
       3.814755841550e-01       5.540912165735e+02 
       3.846815095498e-01       5.452728559285e+02 
       3.878874353108e-01       5.365133821794e+02 
       3.910933614289e-01       5.277935594995e+02 
       3.942992878953e-01       5.191080596303e+02 
       3.975052147017e-01       5.104643231282e+02 
       4.007111418399e-01       5.018820082800e+02 
       4.039170693018e-01       4.933917671880e+02 
       4.071229970798e-01       4.850317176526e+02 
       4.103289251666e-01       4.768418571303e+02 
       4.135348535548e-01       4.688576940044e+02 
       4.167407822375e-01       4.611049924840e+02 
       4.199467112079e-01       4.535975424308e+02 
       4.231526404595e-01       4.463380182389e+02 
       4.263585699858e-01       4.393211227963e+02 
       4.295644997808e-01       4.325367975663e+02 
       4.327704298384e-01       4.259721851543e+02 
       4.359763601528e-01       4.196117276365e+02 
       4.391822907184e-01       4.134363545639e+02 
       4.423882215297e-01       4.074229090912e+02 
       4.455941525813e-01       4.015452919129e+02 
       4.488000838681e-01       3.957773486528e+02 
       4.520060153851e-01       3.900965181159e+02 
       4.552119471274e-01       3.844869160402e+02 
       4.584178790902e-01       3.789404136712e+02 
       4.616238112690e-01       3.734556721923e+02 
       4.648297436592e-01       3.680358295638e+02 
       4.680356762565e-01       3.626861165965e+02 
       4.712416090567e-01       3.574124769569e+02 
       4.744475420556e-01       3.522216134662e+02 
       4.776534752492e-01       3.471215412003e+02 
       4.808594086336e-01       3.421219151134e+02 
       4.840653422050e-01       3.372330748731e+02 
       4.872712759597e-01       3.324640662067e+02 
       4.904772098941e-01       3.278201914250e+02 
       4.936831440047e-01       3.233014240232e+02 
       4.968890782880e-01       3.189022676248e+02 
       5.000950127408e-01       3.146133272817e+02 
       5.033009473597e-01       3.104236421858e+02 
       5.065068821417e-01       3.063228409446e+02 
       5.097128170835e-01       3.023023057156e+02 
       5.129187521823e-01       2.983549687700e+02 
       5.161246874351e-01       2.944746212478e+02 
       5.193306228390e-01       2.906552346783e+02 
       5.225365583913e-01       2.868910689318e+02 
       5.257424940891e-01       2.831776391552e+02 
       5.289484299299e-01       2.795127703797e+02 
       5.321543659111e-01       2.758973142914e+02 
       5.353603020301e-01       2.723347297274e+02 
       5.385662382845e-01       2.688296633490e+02 
       5.417721746719e-01       2.653862922164e+02 
       5.449781111898e-01       2.620069738878e+02 
       5.481840478361e-01       2.586920008084e+02 
       5.513899846084e-01       2.554401763121e+02 
       5.545959215046e-01       2.522500332616e+02 
       5.578018585225e-01       2.491206494965e+02 
       5.610077956600e-01       2.460518211076e+02 
       5.642137329151e-01       2.430433213446e+02 
       5.674196702859e-01       2.400940413364e+02 
       5.706256077702e-01       2.372013571940e+02 
       5.738315453663e-01       2.343613075492e+02 
       5.770374830723e-01       2.315694949680e+02 
       5.802434208862e-01       2.288221629190e+02 
       5.834493588065e-01       2.261169399377e+02 
       5.866552968312e-01       2.234528208089e+02 
       5.898612349587e-01       2.208295969427e+02 
       5.930671731874e-01       2.182469779380e+02 
       5.962731115155e-01       2.157040317438e+02 
       5.994790499415e-01       2.131991656397e+02 
       6.026849884638e-01       2.107307395748e+02 
       6.058909270810e-01       2.082979247414e+02 
       6.090968657914e-01       2.059010979030e+02 
       6.123028045936e-01       2.035415977809e+02 
       6.155087434862e-01       2.012209500308e+02 
       6.187146824678e-01       1.989400794357e+02 
       6.219206215369e-01       1.966987683191e+02 
       6.251265606923e-01       1.944956439199e+02 
       6.283324999326e-01       1.923287490725e+02 
       6.315384392566e-01       1.901964053360e+02 
       6.347443786628e-01       1.880976847986e+02 
       6.379503181502e-01       1.860322791299e+02 
       6.411562577175e-01       1.840000164241e+02 
       6.443621973635e-01       1.820003633061e+02 
       6.475681370869e-01       1.800320683537e+02 
       6.507740768868e-01       1.780931909183e+02 
       6.539800167619e-01       1.761818098647e+02 
       6.571859567111e-01       1.742966474805e+02 
       6.603918967334e-01       1.724373020624e+02 
       6.635978368277e-01       1.706041041536e+02 
       6.668037769929e-01       1.687977037156e+02 
       6.700097172281e-01       1.670183836896e+02 
       6.732156575322e-01       1.652656375726e+02 
       6.764215979043e-01       1.635384698614e+02 
       6.796275383433e-01       1.618357983510e+02 
       6.828334788484e-01       1.601568231743e+02 
       6.860394194186e-01       1.585015046143e+02 
       6.892453600530e-01       1.568703374262e+02 
       6.924513007507e-01       1.552637469024e+02 
       6.956572415108e-01       1.536817643119e+02 
       6.988631823325e-01       1.521237931642e+02 
       7.020691232149e-01       1.505885261979e+02 
       7.052750641572e-01       1.490746855991e+02 
       7.084810051586e-01       1.475813698974e+02 
       7.116869462183e-01       1.461081956931e+02 
       7.148928873355e-01       1.446553375747e+02 
       7.180988285094e-01       1.432230576107e+02 
       7.213047697392e-01       1.418111838812e+02 
       7.245107110243e-01       1.404191253721e+02 
       7.277166523639e-01       1.390458957300e+02 
       7.309225937572e-01       1.376904431521e+02 
       7.341285352036e-01       1.363522740144e+02 
       7.373344767024e-01       1.350313249430e+02 
       7.405404182528e-01       1.337279805209e+02 
       7.437463598543e-01       1.324427060623e+02 
       7.469523015061e-01       1.311754627199e+02 
       7.501582432077e-01       1.299258150340e+02 
       7.533641849583e-01       1.286929324418e+02 
       8.234845903699e-01       1.053548121516e+02 
       9.251206792204e-01       8.087024639439e+01 
       1.086873496507e+00       5.579739652547e+01 
