# dimensionless [l(l+1)/2pi] C_l's for tensor mode
# for l=2 to 500, i.e. number of multipoles equal to 499
#
# -> if you prefer output in CAMB/HealPix/LensPix units/order, set 'format' to 'camb' in input file
# -> if you don't want to see such a header, set 'headers' to 'no' in input file
#
# 1:l     2:TT                     3:EE                     4:TE                     5:BB                     6:phiphi                 7:TPhi                   8:Ephi               
    2       7.152310864250e-12       1.529577002944e-16       7.061305616652e-15       2.639430120024e-16       0.000000000000e+00       0.000000000000e+00       0.000000000000e+00 
    3       5.796173284504e-12       1.747451020904e-16      -1.568847186532e-15       2.802199917122e-16       0.000000000000e+00       0.000000000000e+00       0.000000000000e+00 
    4       5.389742915200e-12       1.682494431927e-16      -4.299011331128e-15       2.545138466604e-16       0.000000000000e+00       0.000000000000e+00       0.000000000000e+00 
    5       5.267608009407e-12       1.403895307496e-16      -4.832037923339e-15       2.074307116463e-16       0.000000000000e+00       0.000000000000e+00       0.000000000000e+00 
    6       5.221511696173e-12       1.056669068711e-16      -4.553370624115e-15       1.565563302707e-16       0.000000000000e+00       0.000000000000e+00       0.000000000000e+00 
    7       5.214135884052e-12       7.523064009266e-17      -4.032829763082e-15       1.128310924022e-16       0.000000000000e+00       0.000000000000e+00       0.000000000000e+00 
    8       5.226539755202e-12       5.454527499138e-17      -3.538960348544e-15       8.095437166542e-17       0.000000000000e+00       0.000000000000e+00       0.000000000000e+00 
    9       5.248421294076e-12       4.433576929024e-17      -3.179153659821e-15       6.134016277573e-17       0.000000000000e+00       0.000000000000e+00       0.000000000000e+00 
   10       5.273804969358e-12       4.263902821011e-17      -2.978621286359e-15       5.212686287097e-17       0.000000000000e+00       0.000000000000e+00       0.000000000000e+00 
   11       5.299255419419e-12       4.667762884948e-17      -2.926440276892e-15       5.068030358533e-17       0.000000000000e+00       0.000000000000e+00       0.000000000000e+00 
   12       5.322883151110e-12       5.405965824232e-17      -2.999578073389e-15       5.445967159411e-17       0.000000000000e+00       0.000000000000e+00       0.000000000000e+00 
   13       5.343653580827e-12       6.313511490397e-17      -3.173663612806e-15       6.151441664684e-17       0.000000000000e+00       0.000000000000e+00       0.000000000000e+00 
   14       5.360992713194e-12       7.308193661173e-17      -3.428892767314e-15       7.045016725183e-17       0.000000000000e+00       0.000000000000e+00       0.000000000000e+00 
   15       5.374615807707e-12       8.353057694104e-17      -3.750650294967e-15       8.047500778378e-17       0.000000000000e+00       0.000000000000e+00       0.000000000000e+00 
   16       5.384435372282e-12       9.440817618123e-17      -4.128312983025e-15       9.114993624112e-17       0.000000000000e+00       0.000000000000e+00       0.000000000000e+00 
   17       5.390489064476e-12       1.057343936667e-16      -4.554051817552e-15       1.022727164399e-16       0.000000000000e+00       0.000000000000e+00       0.000000000000e+00 
   18       5.392557439144e-12       1.175222710719e-16      -5.022496013658e-15       1.137789377783e-16       0.000000000000e+00       0.000000000000e+00       0.000000000000e+00 
   19       5.391799211357e-12       1.297687575336e-16      -5.530505132879e-15       1.256415654126e-16       0.000000000000e+00       0.000000000000e+00       0.000000000000e+00 
   20       5.387304178506e-12       1.424702727092e-16      -6.073922453359e-15       1.378466463517e-16       0.000000000000e+00       0.000000000000e+00       0.000000000000e+00 
   21       5.379824282180e-12       1.556055214658e-16      -6.650511002535e-15       1.503870893467e-16       0.000000000000e+00       0.000000000000e+00       0.000000000000e+00 
   22       5.369183434842e-12       1.691501287550e-16      -7.257918511768e-15       1.632630458070e-16       0.000000000000e+00       0.000000000000e+00       0.000000000000e+00 
   23       5.355930045876e-12       1.830928647690e-16      -7.893800219883e-15       1.764646825205e-16       0.000000000000e+00       0.000000000000e+00       0.000000000000e+00 
   24       5.339824095178e-12       1.974293111896e-16      -8.555407453194e-15       1.899808640577e-16       0.000000000000e+00       0.000000000000e+00       0.000000000000e+00 
   25       5.321308007401e-12       2.121537080106e-16      -9.240601892345e-15       2.037947239732e-16       0.000000000000e+00       0.000000000000e+00       0.000000000000e+00 
   26       5.300278961568e-12       2.272641094849e-16      -9.947220167908e-15       2.178883897746e-16       0.000000000000e+00       0.000000000000e+00       0.000000000000e+00 
   27       5.276957949166e-12       2.427688120941e-16      -1.067335908546e-14       2.322424726097e-16       0.000000000000e+00       0.000000000000e+00       0.000000000000e+00 
   28       5.251179860415e-12       2.586779407622e-16      -1.141708437905e-14       2.468383597918e-16       0.000000000000e+00       0.000000000000e+00       0.000000000000e+00 
   29       5.223474858033e-12       2.749795963963e-16      -1.217662768024e-14       2.616605999236e-16       0.000000000000e+00       0.000000000000e+00       0.000000000000e+00 
   30       5.193954335984e-12       2.916531975266e-16      -1.295015983187e-14       2.766962271439e-16       0.000000000000e+00       0.000000000000e+00       0.000000000000e+00 
   31       5.162189223179e-12       3.086758935927e-16      -1.373577650334e-14       2.919325894255e-16       0.000000000000e+00       0.000000000000e+00       0.000000000000e+00 
   32       5.128541718892e-12       3.260259667178e-16      -1.453178549340e-14       3.073504833822e-16       0.000000000000e+00       0.000000000000e+00       0.000000000000e+00 
   33       5.093193282848e-12       3.436803497411e-16      -1.533652967361e-14       3.229284656564e-16       0.000000000000e+00       0.000000000000e+00       0.000000000000e+00 
   34       5.055957303667e-12       3.616160310367e-16      -1.614836697442e-14       3.386450748049e-16       0.000000000000e+00       0.000000000000e+00       0.000000000000e+00 
   35       5.017076769790e-12       3.798186264596e-16      -1.696584614118e-14       3.544805173305e-16       0.000000000000e+00       0.000000000000e+00       0.000000000000e+00 
   36       4.976612745513e-12       3.982768057922e-16      -1.778760473265e-14       3.704155703437e-16       0.000000000000e+00       0.000000000000e+00       0.000000000000e+00 
   37       4.934391021839e-12       4.169788144779e-16      -1.861224980441e-14       3.864310004657e-16       0.000000000000e+00       0.000000000000e+00       0.000000000000e+00 
   38       4.890706981249e-12       4.359080741333e-16      -1.943807830937e-14       4.025070543390e-16       0.000000000000e+00       0.000000000000e+00       0.000000000000e+00 
   39       4.845790634157e-12       4.550461113503e-16      -2.026327093578e-14       4.186238050609e-16       0.000000000000e+00       0.000000000000e+00       0.000000000000e+00 
   40       4.799578249296e-12       4.743736743038e-16      -2.108596887009e-14       4.347612869590e-16       0.000000000000e+00       0.000000000000e+00       0.000000000000e+00 
   41       4.751856458182e-12       4.938726436212e-16      -2.190458804124e-14       4.508994302357e-16       0.000000000000e+00       0.000000000000e+00       0.000000000000e+00 
   42       4.702825555732e-12       5.135326263196e-16      -2.271888089909e-14       4.670178424870e-16       0.000000000000e+00       0.000000000000e+00       0.000000000000e+00 
   43       4.652667362790e-12       5.333464291626e-16      -2.352922307152e-14       4.830959538407e-16       0.000000000000e+00       0.000000000000e+00       0.000000000000e+00 
   44       4.601367295067e-12       5.533083718962e-16      -2.433635333659e-14       4.991130692365e-16       0.000000000000e+00       0.000000000000e+00       0.000000000000e+00 
   45       4.548819810497e-12       5.734114428690e-16      -2.514081182728e-14       5.150480167516e-16       0.000000000000e+00       0.000000000000e+00       0.000000000000e+00 
   46       4.495227121866e-12       5.936375468985e-16      -2.594100002496e-14       5.308779810969e-16       0.000000000000e+00       0.000000000000e+00       0.000000000000e+00 
   47       4.440787360639e-12       6.139644898520e-16      -2.673458000362e-14       5.465793113530e-16       0.000000000000e+00       0.000000000000e+00       0.000000000000e+00 
   48       4.385568948606e-12       6.343685771709e-16      -2.751899858353e-14       5.621278113342e-16       0.000000000000e+00       0.000000000000e+00       0.000000000000e+00 
   49       4.329498763186e-12       6.548245320281e-16      -2.829147670721e-14       5.774987137787e-16       0.000000000000e+00       0.000000000000e+00       0.000000000000e+00 
   50       4.272450587689e-12       6.753059036584e-16      -2.904923841759e-14       5.926678448694e-16       0.000000000000e+00       0.000000000000e+00       0.000000000000e+00 
   51       4.214566222701e-12       6.957866128947e-16      -2.979029571275e-14       6.076155503200e-16       0.000000000000e+00       0.000000000000e+00       0.000000000000e+00 
   52       4.156001079753e-12       7.162396846792e-16      -3.051285836695e-14       6.223237903674e-16       0.000000000000e+00       0.000000000000e+00       0.000000000000e+00 
   53       4.096824567794e-12       7.366367371736e-16      -3.121511358444e-14       6.367750720736e-16       0.000000000000e+00       0.000000000000e+00       0.000000000000e+00 
   54       4.037012977788e-12       7.569479229827e-16      -3.189522665092e-14       6.509524795319e-16       0.000000000000e+00       0.000000000000e+00       0.000000000000e+00 
   55       3.976511076257e-12       7.771446101500e-16      -3.255150592621e-14       6.648399692344e-16       0.000000000000e+00       0.000000000000e+00       0.000000000000e+00 
   56       3.915451104799e-12       7.972083397217e-16      -3.318294432786e-14       6.784232729007e-16       0.000000000000e+00       0.000000000000e+00       0.000000000000e+00 
   57       3.853975721564e-12       8.171239904824e-16      -3.378881350474e-14       6.916892718395e-16       0.000000000000e+00       0.000000000000e+00       0.000000000000e+00 
   58       3.792169717039e-12       8.368772810711e-16      -3.436851818208e-14       7.046257910927e-16       0.000000000000e+00       0.000000000000e+00       0.000000000000e+00 
   59       3.730055575612e-12       8.564548179486e-16      -3.492160321583e-14       7.172216399720e-16       0.000000000000e+00       0.000000000000e+00       0.000000000000e+00 
   60       3.667589037146e-12       8.758441433663e-16      -3.544776064701e-14       7.294666525963e-16       0.000000000000e+00       0.000000000000e+00       0.000000000000e+00 
   61       3.604711904983e-12       8.950328842060e-16      -3.594673719562e-14       7.413513330891e-16       0.000000000000e+00       0.000000000000e+00       0.000000000000e+00 
   62       3.541534362300e-12       9.140058667282e-16      -3.641801651952e-14       7.528656064003e-16       0.000000000000e+00       0.000000000000e+00       0.000000000000e+00 
   63       3.478185888777e-12       9.327474363712e-16      -3.686107782863e-14       7.639998577508e-16       0.000000000000e+00       0.000000000000e+00       0.000000000000e+00 
   64       3.414759055162e-12       9.512423187858e-16      -3.727549297015e-14       7.747453306688e-16       0.000000000000e+00       0.000000000000e+00       0.000000000000e+00 
   65       3.351306901223e-12       9.694756392747e-16      -3.766093032389e-14       7.850941549829e-16       0.000000000000e+00       0.000000000000e+00       0.000000000000e+00 
   66       3.287840313705e-12       9.874329422316e-16      -3.801715869766e-14       7.950393748156e-16       0.000000000000e+00       0.000000000000e+00       0.000000000000e+00 
   67       3.224325404283e-12       1.005100210582e-15      -3.834405122264e-14       8.045749765765e-16       0.000000000000e+00       0.000000000000e+00       0.000000000000e+00 
   68       3.160723401900e-12       1.022463745483e-15      -3.864153997251e-14       8.136954797114e-16       0.000000000000e+00       0.000000000000e+00       0.000000000000e+00 
   69       3.097125577266e-12       1.039509733682e-15      -3.890946043576e-14       8.223945500806e-16       0.000000000000e+00       0.000000000000e+00       0.000000000000e+00 
   70       3.033641072873e-12       1.056224627010e-15      -3.914768238239e-14       8.306661546123e-16       0.000000000000e+00       0.000000000000e+00       0.000000000000e+00 
   71       2.970355300371e-12       1.072595289947e-15      -3.935615893967e-14       8.385049901957e-16       0.000000000000e+00       0.000000000000e+00       0.000000000000e+00 
   72       2.907328405844e-12       1.088609015487e-15      -3.953492922723e-14       8.459065004921e-16       0.000000000000e+00       0.000000000000e+00       0.000000000000e+00 
   73       2.844593735095e-12       1.104253541005e-15      -3.968412099221e-14       8.528668927454e-16       0.000000000000e+00       0.000000000000e+00       0.000000000000e+00 
   74       2.782156298921e-12       1.119517064120e-15      -3.980395324430e-14       8.593831545924e-16       0.000000000000e+00       0.000000000000e+00       0.000000000000e+00 
   75       2.719991238391e-12       1.134388258561e-15      -3.989473889092e-14       8.654530708736e-16       0.000000000000e+00       0.000000000000e+00       0.000000000000e+00 
   76       2.658072182082e-12       1.148856200036e-15      -3.995683035253e-14       8.710749859520e-16       0.000000000000e+00       0.000000000000e+00       0.000000000000e+00 
   77       2.596465680256e-12       1.162910093153e-15      -3.999043913433e-14       8.762470034704e-16       0.000000000000e+00       0.000000000000e+00       0.000000000000e+00 
   78       2.535251282940e-12       1.176539523294e-15      -3.999578798716e-14       8.809676705293e-16       0.000000000000e+00       0.000000000000e+00       0.000000000000e+00 
   79       2.474492268822e-12       1.189734555988e-15      -3.997316645063e-14       8.852362306375e-16       0.000000000000e+00       0.000000000000e+00       0.000000000000e+00 
   80       2.414234723485e-12       1.202485750934e-15      -3.992293231891e-14       8.890526353039e-16       0.000000000000e+00       0.000000000000e+00       0.000000000000e+00 
   81       2.354506617653e-12       1.214784176020e-15      -3.984551310667e-14       8.924175556300e-16       0.000000000000e+00       0.000000000000e+00       0.000000000000e+00 
   82       2.295316885422e-12       1.226621421344e-15      -3.974140751491e-14       8.953323939011e-16       0.000000000000e+00       0.000000000000e+00       0.000000000000e+00 
   83       2.236654502500e-12       1.237989613231e-15      -3.961118689683e-14       8.977992951792e-16       0.000000000000e+00       0.000000000000e+00       0.000000000000e+00 
   84       2.178507805442e-12       1.248881372060e-15      -3.945544730043e-14       8.998209052699e-16       0.000000000000e+00       0.000000000000e+00       0.000000000000e+00 
   85       2.120928148313e-12       1.259289646980e-15      -3.927465325045e-14       9.013995731325e-16       0.000000000000e+00       0.000000000000e+00       0.000000000000e+00 
   86       2.063975158008e-12       1.269207879371e-15      -3.906927063596e-14       9.025380368850e-16       0.000000000000e+00       0.000000000000e+00       0.000000000000e+00 
   87       2.007696858534e-12       1.278630069487e-15      -3.883981445692e-14       9.032396728939e-16       0.000000000000e+00       0.000000000000e+00       0.000000000000e+00 
   88       1.952129089422e-12       1.287550789534e-15      -3.858684945946e-14       9.035085031036e-16       0.000000000000e+00       0.000000000000e+00       0.000000000000e+00 
   89       1.897294924157e-12       1.295965196740e-15      -3.831099077105e-14       9.033492023660e-16       0.000000000000e+00       0.000000000000e+00       0.000000000000e+00 
   90       1.843204088601e-12       1.303869046438e-15      -3.801290453579e-14       9.027671057695e-16       0.000000000000e+00       0.000000000000e+00       0.000000000000e+00 
   91       1.789852379409e-12       1.311258705137e-15      -3.769330854958e-14       9.017682159687e-16       0.000000000000e+00       0.000000000000e+00       0.000000000000e+00 
   92       1.737221082459e-12       1.318131163599e-15      -3.735297289537e-14       9.003592105138e-16       0.000000000000e+00       0.000000000000e+00       0.000000000000e+00 
   93       1.685293317440e-12       1.324483800213e-15      -3.699267296953e-14       8.985470498445e-16       0.000000000000e+00       0.000000000000e+00       0.000000000000e+00 
   94       1.634107146817e-12       1.330313602011e-15      -3.661303909959e-14       8.963377179109e-16       0.000000000000e+00       0.000000000000e+00       0.000000000000e+00 
   95       1.583709416345e-12       1.335617850123e-15      -3.621468537819e-14       8.937373048118e-16       0.000000000000e+00       0.000000000000e+00       0.000000000000e+00 
   96       1.534139196059e-12       1.340394368559e-15      -3.579825523873e-14       8.907523910765e-16       0.000000000000e+00       0.000000000000e+00       0.000000000000e+00 
   97       1.485427431036e-12       1.344641533854e-15      -3.536442143698e-14       8.873900495126e-16       0.000000000000e+00       0.000000000000e+00       0.000000000000e+00 
   98       1.437596592163e-12       1.348358284720e-15      -3.491388603287e-14       8.836578470536e-16       0.000000000000e+00       0.000000000000e+00       0.000000000000e+00 
   99       1.390660326903e-12       1.351544131694e-15      -3.444738037215e-14       8.795638466068e-16       0.000000000000e+00       0.000000000000e+00       0.000000000000e+00 
  100       1.344623110055e-12       1.354199166780e-15      -3.396566506815e-14       8.751166089011e-16       0.000000000000e+00       0.000000000000e+00       0.000000000000e+00 
  101       1.299479894526e-12       1.356324073105e-15      -3.346952998341e-14       8.703251943350e-16       0.000000000000e+00       0.000000000000e+00       0.000000000000e+00 
  102       1.255215762094e-12       1.357920134563e-15      -3.295979421148e-14       8.651991648241e-16       0.000000000000e+00       0.000000000000e+00       0.000000000000e+00 
  103       1.211805574172e-12       1.358989245463e-15      -3.243730605856e-14       8.597485856491e-16       0.000000000000e+00       0.000000000000e+00       0.000000000000e+00 
  104       1.169226789592e-12       1.359533683780e-15      -3.190290434808e-14       8.539836223498e-16       0.000000000000e+00       0.000000000000e+00       0.000000000000e+00 
  105       1.127500642123e-12       1.359555375243e-15      -3.135729642057e-14       8.479132654121e-16       0.000000000000e+00       0.000000000000e+00       0.000000000000e+00 
  106       1.086655900256e-12       1.359056547359e-15      -3.080116354254e-14       8.415464359476e-16       0.000000000000e+00       0.000000000000e+00       0.000000000000e+00 
  107       1.046715994833e-12       1.358039963899e-15      -3.023519767396e-14       8.348923726925e-16       0.000000000000e+00       0.000000000000e+00       0.000000000000e+00 
  108       1.007698814510e-12       1.356508931952e-15      -2.966010102499e-14       8.279606294051e-16       0.000000000000e+00       0.000000000000e+00       0.000000000000e+00 
  109       9.696165012088e-13       1.354467308967e-15      -2.907658561262e-14       8.207610722643e-16       0.000000000000e+00       0.000000000000e+00       0.000000000000e+00 
  110       9.324752455785e-13       1.351919509813e-15      -2.848537281738e-14       8.133038772663e-16       0.000000000000e+00       0.000000000000e+00       0.000000000000e+00 
  111       8.962750824527e-13       1.348870513823e-15      -2.788719294004e-14       8.055995276232e-16       0.000000000000e+00       0.000000000000e+00       0.000000000000e+00 
  112       8.610096863070e-13       1.345325871846e-15      -2.728278475825e-14       7.976588111606e-16       0.000000000000e+00       0.000000000000e+00       0.000000000000e+00 
  113       8.266661667173e-13       1.341291713296e-15      -2.667289508328e-14       7.894928177150e-16       0.000000000000e+00       0.000000000000e+00       0.000000000000e+00 
  114       7.932248638176e-13       1.336774753206e-15      -2.605827831666e-14       7.811129365319e-16       0.000000000000e+00       0.000000000000e+00       0.000000000000e+00 
  115       7.606591437580e-13       1.331782299274e-15      -2.543969600689e-14       7.725308536636e-16       0.000000000000e+00       0.000000000000e+00       0.000000000000e+00 
  116       7.289446846614e-13       1.326321902081e-15      -2.481789271781e-14       7.637581759069e-16       0.000000000000e+00       0.000000000000e+00       0.000000000000e+00 
  117       6.980890526121e-13       1.320400242408e-15      -2.419352125293e-14       7.548052563099e-16       0.000000000000e+00       0.000000000000e+00       0.000000000000e+00 
  118       6.681053541882e-13       1.314024121248e-15      -2.356720746502e-14       7.456822203175e-16       0.000000000000e+00       0.000000000000e+00       0.000000000000e+00 
  119       6.390029483958e-13       1.307200808389e-15      -2.293957248525e-14       7.363993206146e-16       0.000000000000e+00       0.000000000000e+00       0.000000000000e+00 
  120       6.107873260399e-13       1.299938046307e-15      -2.231123207045e-14       7.269669312218e-16       0.000000000000e+00       0.000000000000e+00       0.000000000000e+00 
  121       5.834599890940e-13       1.292244054063e-15      -2.168279595034e-14       7.173955415905e-16       0.000000000000e+00       0.000000000000e+00       0.000000000000e+00 
  122       5.570183300712e-13       1.284127531201e-15      -2.105486717480e-14       7.076957506997e-16       0.000000000000e+00       0.000000000000e+00       0.000000000000e+00 
  123       5.314555113944e-13       1.275597661639e-15      -2.042804146106e-14       6.978782611505e-16       0.000000000000e+00       0.000000000000e+00       0.000000000000e+00 
  124       5.067603447664e-13       1.266664117564e-15      -1.980290654097e-14       6.879538732630e-16       0.000000000000e+00       0.000000000000e+00       0.000000000000e+00 
  125       4.829171705406e-13       1.257337063331e-15      -1.918004150826e-14       6.779334791712e-16       0.000000000000e+00       0.000000000000e+00       0.000000000000e+00 
  126       4.599057370913e-13       1.247627159357e-15      -1.856001616573e-14       6.678280569192e-16       0.000000000000e+00       0.000000000000e+00       0.000000000000e+00 
  127       4.377010801840e-13       1.237545566015e-15      -1.794339037252e-14       6.576486645566e-16       0.000000000000e+00       0.000000000000e+00       0.000000000000e+00 
  128       4.162734023458e-13       1.227103947529e-15      -1.733071339135e-14       6.474064342346e-16       0.000000000000e+00       0.000000000000e+00       0.000000000000e+00 
  129       3.955953825903e-13       1.216314013734e-15      -1.672251752889e-14       6.371122703296e-16       0.000000000000e+00       0.000000000000e+00       0.000000000000e+00 
  130       3.756652684445e-13       1.205186080247e-15      -1.611929965462e-14       6.267759189137e-16       0.000000000000e+00       0.000000000000e+00       0.000000000000e+00 
  131       3.564861009728e-13       1.193730356971e-15      -1.552153641152e-14       6.164067845710e-16       0.000000000000e+00       0.000000000000e+00       0.000000000000e+00 
  132       3.380584447023e-13       1.181957396654e-15      -1.492968905447e-14       6.060142092760e-16       0.000000000000e+00       0.000000000000e+00       0.000000000000e+00 
  133       3.203803201620e-13       1.169878095477e-15      -1.434420275665e-14       5.956074643712e-16       0.000000000000e+00       0.000000000000e+00       0.000000000000e+00 
  134       3.034471364222e-13       1.157503693647e-15      -1.376550591589e-14       5.851957425452e-16       0.000000000000e+00       0.000000000000e+00       0.000000000000e+00 
  135       2.872516236335e-13       1.144845775978e-15      -1.319400946114e-14       5.747881498104e-16       0.000000000000e+00       0.000000000000e+00       0.000000000000e+00 
  136       2.717837655664e-13       1.131916272485e-15      -1.263010615883e-14       5.643936974811e-16       0.000000000000e+00       0.000000000000e+00       0.000000000000e+00 
  137       2.570307321505e-13       1.118727458970e-15      -1.207416991929e-14       5.540212941508e-16       0.000000000000e+00       0.000000000000e+00       0.000000000000e+00 
  138       2.429768120138e-13       1.105291957613e-15      -1.152655510316e-14       5.436797376709e-16       0.000000000000e+00       0.000000000000e+00       0.000000000000e+00 
  139       2.296033450218e-13       1.091622737555e-15      -1.098759582776e-14       5.333777071279e-16       0.000000000000e+00       0.000000000000e+00       0.000000000000e+00 
  140       2.168886548171e-13       1.077733115493e-15      -1.045760527355e-14       5.231237548216e-16       0.000000000000e+00       0.000000000000e+00       0.000000000000e+00 
  141       2.048079813585e-13       1.063636756263e-15      -9.936874990470e-15       5.129262982428e-16       0.000000000000e+00       0.000000000000e+00       0.000000000000e+00 
  142       1.933334134602e-13       1.049347673430e-15      -9.425674204394e-15       5.027936120511e-16       0.000000000000e+00       0.000000000000e+00       0.000000000000e+00 
  143       1.824338213314e-13       1.034880229879e-15      -8.924249123506e-15       4.927338200533e-16       0.000000000000e+00       0.000000000000e+00       0.000000000000e+00 
  144       1.720806982864e-13       1.020248562649e-15      -8.432835990615e-15       4.827547747901e-16       0.000000000000e+00       0.000000000000e+00       0.000000000000e+00 
  145       1.622664773717e-13       1.005464792303e-15      -7.951703154586e-15       4.728636998550e-16       0.000000000000e+00       0.000000000000e+00       0.000000000000e+00 
  146       1.529879006799e-13       9.905406373233e-16      -7.481111847402e-15       4.630674968997e-16       0.000000000000e+00       0.000000000000e+00       0.000000000000e+00 
  147       1.442402391245e-13       9.754879713145e-16      -7.021302201544e-15       4.533728462658e-16       0.000000000000e+00       0.000000000000e+00       0.000000000000e+00 
  148       1.360172589394e-13       9.603188202829e-16      -6.572492635391e-15       4.437861983179e-16       0.000000000000e+00       0.000000000000e+00       0.000000000000e+00 
  149       1.283111881798e-13       9.450453599160e-16      -6.134879238628e-15       4.343137647746e-16       0.000000000000e+00       0.000000000000e+00       0.000000000000e+00 
  150       1.211126832212e-13       9.296799128617e-16      -5.708635157648e-15       4.249615100411e-16       0.000000000000e+00       0.000000000000e+00       0.000000000000e+00 
  151       1.144107952604e-13       9.142349460081e-16      -5.293909980951e-15       4.157351425406e-16       0.000000000000e+00       0.000000000000e+00       0.000000000000e+00 
  152       1.081929368151e-13       8.987230677626e-16      -4.890829124550e-15       4.066401060467e-16       0.000000000000e+00       0.000000000000e+00       0.000000000000e+00 
  153       1.024448482236e-13       8.831570253319e-16      -4.499493217374e-15       3.976815710152e-16       0.000000000000e+00       0.000000000000e+00       0.000000000000e+00 
  154       9.715056414578e-14       8.675497020007e-16      -4.119977486668e-15       3.888644259159e-16       0.000000000000e+00       0.000000000000e+00       0.000000000000e+00 
  155       9.229238006212e-14       8.519141144119e-16      -3.752331143401e-15       3.801932685646e-16       0.000000000000e+00       0.000000000000e+00       0.000000000000e+00 
  156       8.785081877443e-14       8.362634098458e-16      -3.396576767662e-15       3.716723974554e-16       0.000000000000e+00       0.000000000000e+00       0.000000000000e+00 
  157       8.380459690560e-14       8.206108634993e-16      -3.052709694071e-15       3.633058030920e-16       0.000000000000e+00       0.000000000000e+00       0.000000000000e+00 
  158       8.013059139972e-14       8.049698757657e-16      -2.720697397172e-15       3.550971593201e-16       0.000000000000e+00       0.000000000000e+00       0.000000000000e+00 
  159       7.680380602214e-14       7.893539695142e-16      -2.400478876847e-15       3.470498146593e-16       0.000000000000e+00       0.000000000000e+00       0.000000000000e+00 
  160       7.379733785946e-14       7.737767873690e-16      -2.091964043710e-15       3.391667836351e-16       0.000000000000e+00       0.000000000000e+00       0.000000000000e+00 
  161       7.108665676741e-14       7.582515083146e-16      -1.795068930636e-15       3.314509438329e-16       0.000000000000e+00       0.000000000000e+00       0.000000000000e+00 
  162       6.866293933028e-14       7.427890452449e-16      -1.509826116900e-15       3.239056648429e-16       0.000000000000e+00       0.000000000000e+00       0.000000000000e+00 
  163       6.652085552489e-14       7.273996820773e-16      -1.236282940006e-15       3.165342186274e-16       0.000000000000e+00       0.000000000000e+00       0.000000000000e+00 
  164       6.465434827798e-14       7.120936347413e-16      -9.744661016521e-16       3.093395711412e-16       0.000000000000e+00       0.000000000000e+00       0.000000000000e+00 
  165       6.305661980954e-14       6.968810457870e-16      -7.243812179597e-16       3.023243746092e-16       0.000000000000e+00       0.000000000000e+00       0.000000000000e+00 
  166       6.172011797625e-14       6.817719789927e-16      -4.860123697108e-16       2.954909598055e-16       0.000000000000e+00       0.000000000000e+00       0.000000000000e+00 
  167       6.063652261477e-14       6.667764139727e-16      -2.593216525814e-16       2.888413283318e-16       0.000000000000e+00       0.000000000000e+00       0.000000000000e+00 
  168       5.979673188520e-14       6.519042407851e-16      -4.424872737618e-17       2.823771448954e-16       0.000000000000e+00       0.000000000000e+00       0.000000000000e+00 
  169       5.919084861440e-14       6.371652545399e-16       1.592896297375e-16       2.760997295882e-16       0.000000000000e+00       0.000000000000e+00       0.000000000000e+00 
  170       5.880816663936e-14       6.225691500068e-16       3.513999769952e-16       2.700100501647e-16       0.000000000000e+00       0.000000000000e+00       0.000000000000e+00 
  171       5.863715715060e-14       6.081255162227e-16       5.322126568007e-16       2.641087143208e-16       0.000000000000e+00       0.000000000000e+00       0.000000000000e+00 
  172       5.866545503554e-14       5.938438311000e-16       7.018822454920e-16       2.583959619719e-16       0.000000000000e+00       0.000000000000e+00       0.000000000000e+00 
  173       5.887984522185e-14       5.797334560344e-16       8.605880031070e-16       2.528716575318e-16       0.000000000000e+00       0.000000000000e+00       0.000000000000e+00 
  174       5.926624902086e-14       5.658036305124e-16       1.008534323149e-15       2.475352821906e-16       0.000000000000e+00       0.000000000000e+00       0.000000000000e+00 
  175       5.980971047087e-14       5.520634667195e-16       1.145951182352e-15       2.423859261937e-16       0.000000000000e+00       0.000000000000e+00       0.000000000000e+00 
  176       6.049438268061e-14       5.385219441479e-16       1.273094590447e-15       2.374222811198e-16       0.000000000000e+00       0.000000000000e+00       0.000000000000e+00 
  177       6.130351417254e-14       5.251879042045e-16       1.390247039929e-15       2.326426321596e-16       0.000000000000e+00       0.000000000000e+00       0.000000000000e+00 
  178       6.221943522626e-14       5.120700448187e-16       1.497717955817e-15       2.280448503943e-16       0.000000000000e+00       0.000000000000e+00       0.000000000000e+00 
  179       6.322354422187e-14       4.991769150499e-16       1.595844145428e-15       2.236263850736e-16       0.000000000000e+00       0.000000000000e+00       0.000000000000e+00 
  180       6.429907961879e-14       4.865165648075e-16       1.684939685263e-15       2.193848391759e-16       0.000000000000e+00       0.000000000000e+00       0.000000000000e+00 
  181       6.543971081744e-14       4.740954741361e-16       1.765140187678e-15       2.153197633770e-16       0.000000000000e+00       0.000000000000e+00       0.000000000000e+00 
  182       6.664160553450e-14       4.619195282677e-16       1.836546990126e-15       2.114309901845e-16       0.000000000000e+00       0.000000000000e+00       0.000000000000e+00 
  183       6.790070216098e-14       4.499943482478e-16       1.899276867254e-15       2.077180579381e-16       0.000000000000e+00       0.000000000000e+00       0.000000000000e+00 
  184       6.921270636578e-14       4.383252842720e-16       1.953462294436e-15       2.041802052360e-16       0.000000000000e+00       0.000000000000e+00       0.000000000000e+00 
  185       7.057308769923e-14       4.269174090243e-16       1.999251711299e-15       2.008163653623e-16       0.000000000000e+00       0.000000000000e+00       0.000000000000e+00 
  186       7.197707619663e-14       4.157755110145e-16       2.036809785254e-15       1.976251607134e-16       0.000000000000e+00       0.000000000000e+00       0.000000000000e+00 
  187       7.341965898178e-14       4.049040879152e-16       2.066317675031e-15       1.946048972250e-16       0.000000000000e+00       0.000000000000e+00       0.000000000000e+00 
  188       7.489557687054e-14       3.943073399001e-16       2.087973294202e-15       1.917535587986e-16       0.000000000000e+00       0.000000000000e+00       0.000000000000e+00 
  189       7.639932097435e-14       3.839891629812e-16       2.101991574719e-15       1.890688017288e-16       0.000000000000e+00       0.000000000000e+00       0.000000000000e+00 
  190       7.792512930378e-14       3.739531423462e-16       2.108604730440e-15       1.865479491298e-16       0.000000000000e+00       0.000000000000e+00       0.000000000000e+00 
  191       7.946698337207e-14       3.642025456965e-16       2.108062520658e-15       1.841879853623e-16       0.000000000000e+00       0.000000000000e+00       0.000000000000e+00 
  192       8.101860479869e-14       3.547403165841e-16       2.100632513636e-15       1.819855504602e-16       0.000000000000e+00       0.000000000000e+00       0.000000000000e+00 
  193       8.257345191283e-14       3.455690677497e-16       2.086600350135e-15       1.799369345575e-16       0.000000000000e+00       0.000000000000e+00       0.000000000000e+00 
  194       8.412471635699e-14       3.366910744601e-16       2.066270006944e-15       1.780380723153e-16       0.000000000000e+00       0.000000000000e+00       0.000000000000e+00 
  195       8.566531969051e-14       3.281082678457e-16       2.039964060409e-15       1.762845373483e-16       0.000000000000e+00       0.000000000000e+00       0.000000000000e+00 
  196       8.718790999308e-14       3.198222282379e-16       2.008023949968e-15       1.746715366518e-16       0.000000000000e+00       0.000000000000e+00       0.000000000000e+00 
  197       8.868485846832e-14       3.118341785069e-16       1.970810241678e-15       1.731939050283e-16       0.000000000000e+00       0.000000000000e+00       0.000000000000e+00 
  198       9.014825604730e-14       3.041449773992e-16       1.928702891744e-15       1.718460995148e-16       0.000000000000e+00       0.000000000000e+00       0.000000000000e+00 
  199       9.156990999209e-14       2.967551128750e-16       1.882101510054e-15       1.706221938089e-16       0.000000000000e+00       0.000000000000e+00       0.000000000000e+00 
  200       9.294134049929e-14       2.896646954458e-16       1.831425623704e-15       1.695158726963e-16       0.000000000000e+00       0.000000000000e+00       0.000000000000e+00 
  201       9.425512334838e-14       2.828736384786e-16       1.777059830757e-15       1.685213037875e-16       0.000000000000e+00       0.000000000000e+00       0.000000000000e+00 
  202       9.550903178762e-14       2.763822273156e-16       1.719184347586e-15       1.676358337103e-16       0.000000000000e+00       0.000000000000e+00       0.000000000000e+00 
  203       9.670218430201e-14       2.701905780060e-16       1.657932851461e-15       1.668574739859e-16       0.000000000000e+00       0.000000000000e+00       0.000000000000e+00 
  204       9.783372573838e-14       2.642984479228e-16       1.593446602412e-15       1.661840380677e-16       0.000000000000e+00       0.000000000000e+00       0.000000000000e+00 
  205       9.890282788715e-14       2.587052296531e-16       1.525874543882e-15       1.656131383606e-16       0.000000000000e+00       0.000000000000e+00       0.000000000000e+00 
  206       9.990869006415e-14       2.534099448882e-16       1.455373403374e-15       1.651421832410e-16       0.000000000000e+00       0.000000000000e+00       0.000000000000e+00 
  207       1.008505396924e-13       2.484112383135e-16       1.382107793111e-15       1.647683740765e-16       0.000000000000e+00       0.000000000000e+00       0.000000000000e+00 
  208       1.017276328840e-13       2.437073714988e-16       1.306250310684e-15       1.644887022458e-16       0.000000000000e+00       0.000000000000e+00       0.000000000000e+00 
  209       1.025392550218e-13       2.392962167884e-16       1.227981639704e-15       1.642999461580e-16       0.000000000000e+00       0.000000000000e+00       0.000000000000e+00 
  210       1.032847213412e-13       2.351752511914e-16       1.147490650456e-15       1.641986682726e-16       0.000000000000e+00       0.000000000000e+00       0.000000000000e+00 
  211       1.039633775121e-13       2.313415502713e-16       1.064974500550e-15       1.641812121193e-16       0.000000000000e+00       0.000000000000e+00       0.000000000000e+00 
  212       1.045746002208e-13       2.277917820369e-16       9.806387355758e-16       1.642436993174e-16       0.000000000000e+00       0.000000000000e+00       0.000000000000e+00 
  213       1.051177977512e-13       2.245222008317e-16       8.946973897527e-16       1.643820265960e-16       0.000000000000e+00       0.000000000000e+00       0.000000000000e+00 
  214       1.055924105674e-13       2.215286412247e-16       8.073730865833e-16       1.645918628132e-16       0.000000000000e+00       0.000000000000e+00       0.000000000000e+00 
  215       1.059979118950e-13       2.188065119000e-16       7.188971395053e-16       1.648686459761e-16       0.000000000000e+00       0.000000000000e+00       0.000000000000e+00 
  216       1.063338083029e-13       2.163507895470e-16       6.295096525441e-16       1.652075802605e-16       0.000000000000e+00       0.000000000000e+00       0.000000000000e+00 
  217       1.065996402855e-13       2.141560127508e-16       5.394596209654e-16       1.656036330307e-16       0.000000000000e+00       0.000000000000e+00       0.000000000000e+00 
  218       1.067949828439e-13       2.122162758822e-16       4.490050319270e-16       1.660515318590e-16       0.000000000000e+00       0.000000000000e+00       0.000000000000e+00 
  219       1.069194460684e-13       2.105252229877e-16       3.584129651320e-16       1.665457615455e-16       0.000000000000e+00       0.000000000000e+00       0.000000000000e+00 
  220       1.069726757196e-13       2.090760416799e-16       2.679596934802e-16       1.670805611381e-16       0.000000000000e+00       0.000000000000e+00       0.000000000000e+00 
  221       1.069543538108e-13       2.078614570274e-16       1.779307837212e-16       1.676499209517e-16       0.000000000000e+00       0.000000000000e+00       0.000000000000e+00 
  222       1.068641991894e-13       2.068737254448e-16       8.862119710662e-17       1.682475795884e-16       0.000000000000e+00       0.000000000000e+00       0.000000000000e+00 
  223       1.067019681188e-13       2.061046285835e-16       3.353900422237e-19       1.688670209570e-16       0.000000000000e+00       0.000000000000e+00       0.000000000000e+00 
  224       1.064676640103e-13       2.055464053509e-16      -8.665543173662e-17       1.695023823658e-16       0.000000000000e+00       0.000000000000e+00       0.000000000000e+00 
  225       1.061621803943e-13       2.051946272013e-16      -1.722448124069e-16       1.701512498389e-16       0.000000000000e+00       0.000000000000e+00       0.000000000000e+00 
  226       1.057867004194e-13       2.050454959061e-16      -2.563678076905e-16       1.708120367764e-16       0.000000000000e+00       0.000000000000e+00       0.000000000000e+00 
  227       1.053424924927e-13       2.050949181887e-16      -3.389588997553e-16       1.714830882310e-16       0.000000000000e+00       0.000000000000e+00       0.000000000000e+00 
  228       1.048309113594e-13       2.053385018482e-16      -4.199519985775e-16       1.721626800966e-16       0.000000000000e+00       0.000000000000e+00       0.000000000000e+00 
  229       1.042533991823e-13       2.057715518829e-16      -4.992804433057e-16       1.728490182976e-16       0.000000000000e+00       0.000000000000e+00       0.000000000000e+00 
  230       1.036114866221e-13       2.063890666145e-16      -5.768770036230e-16       1.735402379777e-16       0.000000000000e+00       0.000000000000e+00       0.000000000000e+00 
  231       1.029067939166e-13       2.071857338113e-16      -6.526738811105e-16       1.742344026890e-16       0.000000000000e+00       0.000000000000e+00       0.000000000000e+00 
  232       1.021410319610e-13       2.081559268126e-16      -7.266027106104e-16       1.749295035807e-16       0.000000000000e+00       0.000000000000e+00       0.000000000000e+00 
  233       1.013160033872e-13       2.092937006521e-16      -7.985945615887e-16       1.756234585880e-16       0.000000000000e+00       0.000000000000e+00       0.000000000000e+00 
  234       1.004336036442e-13       2.105927881817e-16      -8.685799394987e-16       1.763141116216e-16       0.000000000000e+00       0.000000000000e+00       0.000000000000e+00 
  235       9.949582207703e-14       2.120465961952e-16      -9.364887871437e-16       1.769992317557e-16       0.000000000000e+00       0.000000000000e+00       0.000000000000e+00 
  236       9.850474300738e-14       2.136482015526e-16      -1.002250486040e-15       1.776765124179e-16       0.000000000000e+00       0.000000000000e+00       0.000000000000e+00 
  237       9.746254681282e-14       2.153903473029e-16      -1.065793857781e-15       1.783435705776e-16       0.000000000000e+00       0.000000000000e+00       0.000000000000e+00 
  238       9.637151100679e-14       2.172654388091e-16      -1.127047165397e-15       1.789979459350e-16       0.000000000000e+00       0.000000000000e+00       0.000000000000e+00 
  239       9.523401131834e-14       2.192655398707e-16      -1.185938114724e-15       1.796371001102e-16       0.000000000000e+00       0.000000000000e+00       0.000000000000e+00 
  240       9.405252277192e-14       2.213823688484e-16      -1.242393855761e-15       1.802584158320e-16       0.000000000000e+00       0.000000000000e+00       0.000000000000e+00 
  241       9.282962076714e-14       2.236072947877e-16      -1.296340984036e-15       1.808591961269e-16       0.000000000000e+00       0.000000000000e+00       0.000000000000e+00 
  242       9.156798215857e-14       2.259313335423e-16      -1.347705541968e-15       1.814366635080e-16       0.000000000000e+00       0.000000000000e+00       0.000000000000e+00 
  243       9.027038633549e-14       2.283451438982e-16      -1.396413020232e-15       1.819879591641e-16       0.000000000000e+00       0.000000000000e+00       0.000000000000e+00 
  244       8.893971630172e-14       2.308390236972e-16      -1.442388359118e-15       1.825101421483e-16       0.000000000000e+00       0.000000000000e+00       0.000000000000e+00 
  245       8.757895975532e-14       2.334029059613e-16      -1.485555949899e-15       1.830001885675e-16       0.000000000000e+00       0.000000000000e+00       0.000000000000e+00 
  246       8.619121016844e-14       2.360263550157e-16      -1.525839636191e-15       1.834549907707e-16       0.000000000000e+00       0.000000000000e+00       0.000000000000e+00 
  247       8.477966786706e-14       2.386985626128e-16      -1.563162715316e-15       1.838713565383e-16       0.000000000000e+00       0.000000000000e+00       0.000000000000e+00 
  248       8.334764111079e-14       2.414083440565e-16      -1.597447939665e-15       1.842460082712e-16       0.000000000000e+00       0.000000000000e+00       0.000000000000e+00 
  249       8.189854717262e-14       2.441441343251e-16      -1.628617518065e-15       1.845755821793e-16       0.000000000000e+00       0.000000000000e+00       0.000000000000e+00 
  250       8.043550966952e-14       2.468954635876e-16      -1.656610234815e-15       1.848572167567e-16       0.000000000000e+00       0.000000000000e+00       0.000000000000e+00 
  251       7.896012255462e-14       2.496574861829e-16      -1.681433899634e-15       1.850903575417e-16       0.000000000000e+00       0.000000000000e+00       0.000000000000e+00 
  252       7.747361687729e-14       2.524267055340e-16      -1.703115927881e-15       1.852750549563e-16       0.000000000000e+00       0.000000000000e+00       0.000000000000e+00 
  253       7.597725841857e-14       2.551995172377e-16      -1.721686529227e-15       1.854113847078e-16       0.000000000000e+00       0.000000000000e+00       0.000000000000e+00 
  254       7.447234799891e-14       2.579722080177e-16      -1.737178741749e-15       1.854994481049e-16       0.000000000000e+00       0.000000000000e+00       0.000000000000e+00 
  255       7.296022178579e-14       2.607409546772e-16      -1.749628466028e-15       1.855393723738e-16       0.000000000000e+00       0.000000000000e+00       0.000000000000e+00 
  256       7.144225160139e-14       2.635018230522e-16      -1.759074499249e-15       1.855313109737e-16       0.000000000000e+00       0.000000000000e+00       0.000000000000e+00 
  257       6.991984523031e-14       2.662507669641e-16      -1.765558569298e-15       1.854754439129e-16       0.000000000000e+00       0.000000000000e+00       0.000000000000e+00 
  258       6.839444672715e-14       2.689836271725e-16      -1.769125368859e-15       1.853719780646e-16       0.000000000000e+00       0.000000000000e+00       0.000000000000e+00 
  259       6.686753672427e-14       2.716961303286e-16      -1.769822589513e-15       1.852211474827e-16       0.000000000000e+00       0.000000000000e+00       0.000000000000e+00 
  260       6.534063273939e-14       2.743838879274e-16      -1.767700955837e-15       1.850232137177e-16       0.000000000000e+00       0.000000000000e+00       0.000000000000e+00 
  261       6.381528948330e-14       2.770423952611e-16      -1.762814259502e-15       1.847784661325e-16       0.000000000000e+00       0.000000000000e+00       0.000000000000e+00 
  262       6.229309916750e-14       2.796670303717e-16      -1.755219393367e-15       1.844872222187e-16       0.000000000000e+00       0.000000000000e+00       0.000000000000e+00 
  263       6.077569181189e-14       2.822530530041e-16      -1.744976385583e-15       1.841498279117e-16       0.000000000000e+00       0.000000000000e+00       0.000000000000e+00 
  264       5.926473555243e-14       2.847956035589e-16      -1.732148433689e-15       1.837666579072e-16       0.000000000000e+00       0.000000000000e+00       0.000000000000e+00 
  265       5.776193694879e-14       2.872897020452e-16      -1.716801938705e-15       1.833381159768e-16       0.000000000000e+00       0.000000000000e+00       0.000000000000e+00 
  266       5.626904129207e-14       2.897302470336e-16      -1.699006539240e-15       1.828646352838e-16       0.000000000000e+00       0.000000000000e+00       0.000000000000e+00 
  267       5.478783291239e-14       2.921120146092e-16      -1.678835145581e-15       1.823466786992e-16       0.000000000000e+00       0.000000000000e+00       0.000000000000e+00 
  268       5.332013548664e-14       2.944296573242e-16      -1.656363973794e-15       1.817847391177e-16       0.000000000000e+00       0.000000000000e+00       0.000000000000e+00 
  269       5.186781234609e-14       2.966777031509e-16      -1.631672579826e-15       1.811793397731e-16       0.000000000000e+00       0.000000000000e+00       0.000000000000e+00 
  270       5.043276678408e-14       2.988505544348e-16      -1.604843893596e-15       1.805310345547e-16       0.000000000000e+00       0.000000000000e+00       0.000000000000e+00 
  271       4.901694236371e-14       3.009424868471e-16      -1.575964253099e-15       1.798404083229e-16       0.000000000000e+00       0.000000000000e+00       0.000000000000e+00 
  272       4.762232322545e-14       3.029476483380e-16      -1.545123438501e-15       1.791080772249e-16       0.000000000000e+00       0.000000000000e+00       0.000000000000e+00 
  273       4.625093439486e-14       3.048600580893e-16      -1.512414706237e-15       1.783346890109e-16       0.000000000000e+00       0.000000000000e+00       0.000000000000e+00 
  274       4.490484209025e-14       3.066736054675e-16      -1.477934823112e-15       1.775209233497e-16       0.000000000000e+00       0.000000000000e+00       0.000000000000e+00 
  275       4.358615403033e-14       3.083820489763e-16      -1.441784100394e-15       1.766674921448e-16       0.000000000000e+00       0.000000000000e+00       0.000000000000e+00 
  276       4.229701974190e-14       3.099790152101e-16      -1.404066427918e-15       1.757751398502e-16       0.000000000000e+00       0.000000000000e+00       0.000000000000e+00 
  277       4.103963086748e-14       3.114579978064e-16      -1.364889308179e-15       1.748446437859e-16       0.000000000000e+00       0.000000000000e+00       0.000000000000e+00 
  278       3.981622147303e-14       3.128123563987e-16      -1.324363890433e-15       1.738768144543e-16       0.000000000000e+00       0.000000000000e+00       0.000000000000e+00 
  279       3.862869207079e-14       3.140365078521e-16      -1.282593719185e-15       1.728725135533e-16       0.000000000000e+00       0.000000000000e+00       0.000000000000e+00 
  280       3.747745949348e-14       3.151295704377e-16      -1.239640264269e-15       1.718327083998e-16       0.000000000000e+00       0.000000000000e+00       0.000000000000e+00 
  281       3.636254803291e-14       3.160919064179e-16      -1.195555671351e-15       1.707584209412e-16       0.000000000000e+00       0.000000000000e+00       0.000000000000e+00 
  282       3.528396008861e-14       3.169239475509e-16      -1.150393903374e-15       1.696507106532e-16       0.000000000000e+00       0.000000000000e+00       0.000000000000e+00 
  283       3.424167589748e-14       3.176261958747e-16      -1.104210757312e-15       1.685106748831e-16       0.000000000000e+00       0.000000000000e+00       0.000000000000e+00 
  284       3.323565326342e-14       3.181992244916e-16      -1.057063880938e-15       1.673394491927e-16       0.000000000000e+00       0.000000000000e+00       0.000000000000e+00 
  285       3.226582728701e-14       3.186436783528e-16      -1.009012789583e-15       1.661382077012e-16       0.000000000000e+00       0.000000000000e+00       0.000000000000e+00 
  286       3.133211009518e-14       3.189602750421e-16      -9.601188829006e-16       1.649081634287e-16       0.000000000000e+00       0.000000000000e+00       0.000000000000e+00 
  287       3.043439057083e-14       3.191498055610e-16      -9.104454616262e-16       1.636505686388e-16       0.000000000000e+00       0.000000000000e+00       0.000000000000e+00 
  288       2.957253408252e-14       3.192131351126e-16      -8.600577443425e-16       1.623667151818e-16       0.000000000000e+00       0.000000000000e+00       0.000000000000e+00 
  289       2.874638221412e-14       3.191512038859e-16      -8.090228842399e-16       1.610579348377e-16       0.000000000000e+00       0.000000000000e+00       0.000000000000e+00 
  290       2.795575249447e-14       3.189650278404e-16      -7.574099858791e-16       1.597255996595e-16       0.000000000000e+00       0.000000000000e+00       0.000000000000e+00 
  291       2.720043812703e-14       3.186556994906e-16      -7.052901219535e-16       1.583711223159e-16       0.000000000000e+00       0.000000000000e+00       0.000000000000e+00 
  292       2.648020771952e-14       3.182243886897e-16      -6.527363500514e-16       1.569959564347e-16       0.000000000000e+00       0.000000000000e+00       0.000000000000e+00 
  293       2.579480501364e-14       3.176723434147e-16      -5.998237294182e-16       1.556015969453e-16       0.000000000000e+00       0.000000000000e+00       0.000000000000e+00 
  294       2.514394861465e-14       3.170008905502e-16      -5.466293377186e-16       1.541895804225e-16       0.000000000000e+00       0.000000000000e+00       0.000000000000e+00 
  295       2.452733172108e-14       3.162114366732e-16      -4.932322877990e-16       1.527614854288e-16       0.000000000000e+00       0.000000000000e+00       0.000000000000e+00 
  296       2.394462185438e-14       3.153054688369e-16      -4.397137444498e-16       1.513189328582e-16       0.000000000000e+00       0.000000000000e+00       0.000000000000e+00 
  297       2.339546058856e-14       3.142845553557e-16      -3.861569411674e-16       1.498635862785e-16       0.000000000000e+00       0.000000000000e+00       0.000000000000e+00 
  298       2.287946327986e-14       3.131503465891e-16      -3.326471969165e-16       1.483971522749e-16       0.000000000000e+00       0.000000000000e+00       0.000000000000e+00 
  299       2.239621879641e-14       3.119045757260e-16      -2.792719328927e-16       1.469213807928e-16       0.000000000000e+00       0.000000000000e+00       0.000000000000e+00 
  300       2.194528924788e-14       3.105490595695e-16      -2.261206892844e-16       1.454380654808e-16       0.000000000000e+00       0.000000000000e+00       0.000000000000e+00 
  301       2.152620971513e-14       3.090856993208e-16      -1.732851420350e-16       1.439490440341e-16       0.000000000000e+00       0.000000000000e+00       0.000000000000e+00 
  302       2.113848797991e-14       3.075164813639e-16      -1.208591196054e-16       1.424561985369e-16       0.000000000000e+00       0.000000000000e+00       0.000000000000e+00 
  303       2.078160425447e-14       3.058434780497e-16      -6.893861973626e-17       1.409614558064e-16       0.000000000000e+00       0.000000000000e+00       0.000000000000e+00 
  304       2.045501091122e-14       3.040688484803e-16      -1.762182621002e-17       1.394667877347e-16       0.000000000000e+00       0.000000000000e+00       0.000000000000e+00 
  305       2.015813221243e-14       3.021948392937e-16       3.299087438669e-17       1.379742116329e-16       0.000000000000e+00       0.000000000000e+00       0.000000000000e+00 
  306       1.989036403984e-14       3.002237854478e-16       8.279687590083e-17       1.364857905734e-16       0.000000000000e+00       0.000000000000e+00       0.000000000000e+00 
  307       1.965107362436e-14       2.981581110051e-16       1.316913358507e-16       1.350036337336e-16       0.000000000000e+00       0.000000000000e+00       0.000000000000e+00 
  308       1.943959927568e-14       2.960003299166e-16       1.795671586637e-16       1.335298967381e-16       0.000000000000e+00       0.000000000000e+00       0.000000000000e+00 
  309       1.925525011198e-14       2.937530468064e-16       2.263149789139e-16       1.320667820026e-16       0.000000000000e+00       0.000000000000e+00       0.000000000000e+00 
  310       1.909730578954e-14       2.914189577563e-16       2.718231445603e-16       1.306165390765e-16       0.000000000000e+00       0.000000000000e+00       0.000000000000e+00 
  311       1.896501623243e-14       2.890008510897e-16       3.159777001839e-16       1.291814649860e-16       0.000000000000e+00       0.000000000000e+00       0.000000000000e+00 
  312       1.885764931999e-14       2.865015397162e-16       3.586814052003e-16       1.277635750376e-16       0.000000000000e+00       0.000000000000e+00       0.000000000000e+00 
  313       1.877463694930e-14       2.839236530860e-16       3.999117981729e-16       1.263635976421e-16       0.000000000000e+00       0.000000000000e+00       0.000000000000e+00 
  314       1.871543522182e-14       2.812698371146e-16       4.396657939201e-16       1.249819335209e-16       0.000000000000e+00       0.000000000000e+00       0.000000000000e+00 
  315       1.867947688606e-14       2.785428224497e-16       4.779408980376e-16       1.236189809791e-16       0.000000000000e+00       0.000000000000e+00       0.000000000000e+00 
  316       1.866617112614e-14       2.757454251715e-16       5.147352135263e-16       1.222751358436e-16       0.000000000000e+00       0.000000000000e+00       0.000000000000e+00 
  317       1.867490335043e-14       2.728805474928e-16       5.500474474202e-16       1.209507914012e-16       0.000000000000e+00       0.000000000000e+00       0.000000000000e+00 
  318       1.870503498006e-14       2.699511784596e-16       5.838769174148e-16       1.196463383368e-16       0.000000000000e+00       0.000000000000e+00       0.000000000000e+00 
  319       1.875590323759e-14       2.669603946511e-16       6.162235584944e-16       1.183621646712e-16       0.000000000000e+00       0.000000000000e+00       0.000000000000e+00 
  320       1.882682093556e-14       2.639113608799e-16       6.470879295608e-16       1.170986556998e-16       0.000000000000e+00       0.000000000000e+00       0.000000000000e+00 
  321       1.891707626508e-14       2.608073308925e-16       6.764712200607e-16       1.158561939301e-16       0.000000000000e+00       0.000000000000e+00       0.000000000000e+00 
  322       1.902593258440e-14       2.576516480693e-16       7.043752566140e-16       1.146351590202e-16       0.000000000000e+00       0.000000000000e+00       0.000000000000e+00 
  323       1.915262820755e-14       2.544477461249e-16       7.308025096418e-16       1.134359277167e-16       0.000000000000e+00       0.000000000000e+00       0.000000000000e+00 
  324       1.929637619287e-14       2.511991498086e-16       7.557560999943e-16       1.122588737928e-16       0.000000000000e+00       0.000000000000e+00       0.000000000000e+00 
  325       1.945636413165e-14       2.479094756043e-16       7.792398055787e-16       1.111043679869e-16       0.000000000000e+00       0.000000000000e+00       0.000000000000e+00 
  326       1.963175393668e-14       2.445824324311e-16       8.012580679872e-16       1.099727779397e-16       0.000000000000e+00       0.000000000000e+00       0.000000000000e+00 
  327       1.982168163085e-14       2.412218223430e-16       8.218159991253e-16       1.088644681334e-16       0.000000000000e+00       0.000000000000e+00       0.000000000000e+00 
  328       2.002525713576e-14       2.378315412300e-16       8.409193878392e-16       1.077797998291e-16       0.000000000000e+00       0.000000000000e+00       0.000000000000e+00 
  329       2.024156406027e-14       2.344155795176e-16       8.585747065445e-16       1.067191310053e-16       0.000000000000e+00       0.000000000000e+00       0.000000000000e+00 
  330       2.046965948912e-14       2.309780228673e-16       8.747891178534e-16       1.056828162955e-16       0.000000000000e+00       0.000000000000e+00       0.000000000000e+00 
  331       2.070857377150e-14       2.275230528770e-16       8.895704812035e-16       1.046712069271e-16       0.000000000000e+00       0.000000000000e+00       0.000000000000e+00 
  332       2.095731030966e-14       2.240549477811e-16       9.029273594851e-16       1.036846506587e-16       0.000000000000e+00       0.000000000000e+00       0.000000000000e+00 
  333       2.121484534747e-14       2.205780831508e-16       9.148690256694e-16       1.027234917188e-16       0.000000000000e+00       0.000000000000e+00       0.000000000000e+00 
  334       2.148012775902e-14       2.170969325942e-16       9.254054694368e-16       1.017880707436e-16       0.000000000000e+00       0.000000000000e+00       0.000000000000e+00 
  335       2.175207883724e-14       2.136160684569e-16       9.345474038045e-16       1.008787247152e-16       0.000000000000e+00       0.000000000000e+00       0.000000000000e+00 
  336       2.202959208242e-14       2.101401625220e-16       9.423062717546e-16       9.999578689960e-17       0.000000000000e+00       0.000000000000e+00       0.000000000000e+00 
  337       2.231153299086e-14       2.066739867102e-16       9.486942528619e-16       9.913958678509e-17       0.000000000000e+00       0.000000000000e+00       0.000000000000e+00 
  338       2.259673884345e-14       2.032224137805e-16       9.537242699225e-16       9.831045002006e-17       0.000000000000e+00       0.000000000000e+00       0.000000000000e+00 
  339       2.288401849422e-14       1.997904180301e-16       9.574099955809e-16       9.750869835128e-17       0.000000000000e+00       0.000000000000e+00       0.000000000000e+00 
  340       2.317215215896e-14       1.963830759947e-16       9.597658589589e-16       9.673464956193e-17       0.000000000000e+00       0.000000000000e+00       0.000000000000e+00 
  341       2.345989120382e-14       1.930055671489e-16       9.608070522827e-16       9.598861740976e-17       0.000000000000e+00       0.000000000000e+00       0.000000000000e+00 
  342       2.374595793386e-14       1.896631746063e-16       9.605495375116e-16       9.527091156516e-17       0.000000000000e+00       0.000000000000e+00       0.000000000000e+00 
  343       2.402904538168e-14       1.863612858198e-16       9.590100529656e-16       9.458183754930e-17       0.000000000000e+00       0.000000000000e+00       0.000000000000e+00 
  344       2.430781709596e-14       1.831053932820e-16       9.562061199535e-16       9.392169667223e-17       0.000000000000e+00       0.000000000000e+00       0.000000000000e+00 
  345       2.458090693011e-14       1.799010952252e-16       9.521560494007e-16       9.329078597099e-17       0.000000000000e+00       0.000000000000e+00       0.000000000000e+00 
  346       2.484691883081e-14       1.767540963217e-16       9.468789484776e-16       9.268939814769e-17       0.000000000000e+00       0.000000000000e+00       0.000000000000e+00 
  347       2.510442662660e-14       1.736702083843e-16       9.403947272273e-16       9.211782150768e-17       0.000000000000e+00       0.000000000000e+00       0.000000000000e+00 
  348       2.535197381651e-14       1.706553510664e-16       9.327241051934e-16       9.157633989760e-17       0.000000000000e+00       0.000000000000e+00       0.000000000000e+00 
  349       2.558831912239e-14       1.677146060704e-16       9.238896531530e-16       9.106511168050e-17       0.000000000000e+00       0.000000000000e+00       0.000000000000e+00 
  350       2.581318483596e-14       1.648493349820e-16       9.139189525129e-16       9.058380123917e-17       0.000000000000e+00       0.000000000000e+00       0.000000000000e+00 
  351       2.602653914215e-14       1.620599430898e-16       9.028415801271e-16       9.013193204520e-17       0.000000000000e+00       0.000000000000e+00       0.000000000000e+00 
  352       2.622835319005e-14       1.593468148458e-16       8.906880926500e-16       8.970900606080e-17       0.000000000000e+00       0.000000000000e+00       0.000000000000e+00 
  353       2.641860112291e-14       1.567103136356e-16       8.774900341808e-16       8.931450355809e-17       0.000000000000e+00       0.000000000000e+00       0.000000000000e+00 
  354       2.659726010820e-14       1.541507815491e-16       8.632799439089e-16       8.894788293838e-17       0.000000000000e+00       0.000000000000e+00       0.000000000000e+00 
  355       2.676431036762e-14       1.516685391508e-16       8.480913637585e-16       8.860858055144e-17       0.000000000000e+00       0.000000000000e+00       0.000000000000e+00 
  356       2.691973520714e-14       1.492638852502e-16       8.319588460336e-16       8.829601051480e-17       0.000000000000e+00       0.000000000000e+00       0.000000000000e+00 
  357       2.706352104698e-14       1.469370966723e-16       8.149179610627e-16       8.800956453296e-17       0.000000000000e+00       0.000000000000e+00       0.000000000000e+00 
  358       2.719565745171e-14       1.446884280278e-16       7.970053048439e-16       8.774861171676e-17       0.000000000000e+00       0.000000000000e+00       0.000000000000e+00 
  359       2.731613716022e-14       1.425181114840e-16       7.782585066894e-16       8.751249840256e-17       0.000000000000e+00       0.000000000000e+00       0.000000000000e+00 
  360       2.742495611576e-14       1.404263565345e-16       7.587162368708e-16       8.730054797160e-17       0.000000000000e+00       0.000000000000e+00       0.000000000000e+00 
  361       2.752211349600e-14       1.384133497705e-16       7.384182142637e-16       8.711206066920e-17       0.000000000000e+00       0.000000000000e+00       0.000000000000e+00 
  362       2.760761174299e-14       1.364792546503e-16       7.174052139926e-16       8.694631342410e-17       0.000000000000e+00       0.000000000000e+00       0.000000000000e+00 
  363       2.768145659324e-14       1.346242112704e-16       6.957190750760e-16       8.680255966769e-17       0.000000000000e+00       0.000000000000e+00       0.000000000000e+00 
  364       2.774365710775e-14       1.328483361358e-16       6.734027080709e-16       8.668002915332e-17       0.000000000000e+00       0.000000000000e+00       0.000000000000e+00 
  365       2.779422570199e-14       1.311517219301e-16       6.505001027179e-16       8.657792777555e-17       0.000000000000e+00       0.000000000000e+00       0.000000000000e+00 
  366       2.783317817597e-14       1.295344372861e-16       6.270563355861e-16       8.649543738943e-17       0.000000000000e+00       0.000000000000e+00       0.000000000000e+00 
  367       2.786053374425e-14       1.279965265566e-16       6.031175777176e-16       8.643171562978e-17       0.000000000000e+00       0.000000000000e+00       0.000000000000e+00 
  368       2.787631506596e-14       1.265380095840e-16       5.787311022731e-16       8.638589573048e-17       0.000000000000e+00       0.000000000000e+00       0.000000000000e+00 
  369       2.788054827483e-14       1.251588814716e-16       5.539452921759e-16       8.635708634372e-17       0.000000000000e+00       0.000000000000e+00       0.000000000000e+00 
  370       2.787326300924e-14       1.238591123535e-16       5.288096477576e-16       8.634437135928e-17       0.000000000000e+00       0.000000000000e+00       0.000000000000e+00 
  371       2.785449244222e-14       1.226386471649e-16       5.033747944022e-16       8.634680972384e-17       0.000000000000e+00       0.000000000000e+00       0.000000000000e+00 
  372       2.782427331147e-14       1.214974054131e-16       4.776924901916e-16       8.636343526020e-17       0.000000000000e+00       0.000000000000e+00       0.000000000000e+00 
  373       2.778264594941e-14       1.204352809473e-16       4.518156335501e-16       8.639325648660e-17       0.000000000000e+00       0.000000000000e+00       0.000000000000e+00 
  374       2.772965431321e-14       1.194521417296e-16       4.257982708894e-16       8.643525643597e-17       0.000000000000e+00       0.000000000000e+00       0.000000000000e+00 
  375       2.766534601477e-14       1.185478296048e-16       3.996956042533e-16       8.648839247522e-17       0.000000000000e+00       0.000000000000e+00       0.000000000000e+00 
  376       2.758977235082e-14       1.177221600713e-16       3.735639989630e-16       8.655159612452e-17       0.000000000000e+00       0.000000000000e+00       0.000000000000e+00 
  377       2.750298833287e-14       1.169749220514e-16       3.474609912614e-16       8.662377287656e-17       0.000000000000e+00       0.000000000000e+00       0.000000000000e+00 
  378       2.740505271731e-14       1.163058776617e-16       3.214452959585e-16       8.670380201582e-17       0.000000000000e+00       0.000000000000e+00       0.000000000000e+00 
  379       2.729602803536e-14       1.157147619833e-16       2.955768140758e-16       8.679053643787e-17       0.000000000000e+00       0.000000000000e+00       0.000000000000e+00 
  380       2.717598062316e-14       1.152012828326e-16       2.699166404916e-16       8.688280246863e-17       0.000000000000e+00       0.000000000000e+00       0.000000000000e+00 
  381       2.704498065178e-14       1.147651205315e-16       2.445270715855e-16       8.697939968367e-17       0.000000000000e+00       0.000000000000e+00       0.000000000000e+00 
  382       2.690310215722e-14       1.144059276779e-16       2.194716128834e-16       8.707910072743e-17       0.000000000000e+00       0.000000000000e+00       0.000000000000e+00 
  383       2.675042307047e-14       1.141233289160e-16       1.948149867026e-16       8.718065113255e-17       0.000000000000e+00       0.000000000000e+00       0.000000000000e+00 
  384       2.658702524751e-14       1.139169207069e-16       1.706231397963e-16       8.728276913913e-17       0.000000000000e+00       0.000000000000e+00       0.000000000000e+00 
  385       2.641299449935e-14       1.137862710989e-16       1.469632509987e-16       8.738414551399e-17       0.000000000000e+00       0.000000000000e+00       0.000000000000e+00 
  386       2.622842062208e-14       1.137309194980e-16       1.239037388699e-16       8.748344336996e-17       0.000000000000e+00       0.000000000000e+00       0.000000000000e+00 
  387       2.603339742683e-14       1.137503764380e-16       1.015142693404e-16       8.757929798517e-17       0.000000000000e+00       0.000000000000e+00       0.000000000000e+00 
  388       2.582805474815e-14       1.138439135123e-16       7.985412379175e-17       8.767051917075e-17       0.000000000000e+00       0.000000000000e+00       0.000000000000e+00 
  389       2.561265572746e-14       1.140099249730e-16       5.893680802466e-17       8.775670708808e-17       0.000000000000e+00       0.000000000000e+00       0.000000000000e+00 
  390       2.538750322745e-14       1.142465418010e-16       3.876413446535e-17       8.783765911202e-17       0.000000000000e+00       0.000000000000e+00       0.000000000000e+00 
  391       2.515290823770e-14       1.145518389939e-16       1.933774058821e-17       8.791316934277e-17       0.000000000000e+00       0.000000000000e+00       0.000000000000e+00 
  392       2.490918993006e-14       1.149238351695e-16       6.590873065284e-19       8.798302858627e-17       0.000000000000e+00       0.000000000000e+00       0.000000000000e+00 
  393       2.465667571416e-14       1.153604921696e-16      -1.727054263677e-17       8.804702433444e-17       0.000000000000e+00       0.000000000000e+00       0.000000000000e+00 
  394       2.439570129285e-14       1.158597146634e-16      -3.445004627844e-17       8.810494074553e-17       0.000000000000e+00       0.000000000000e+00       0.000000000000e+00 
  395       2.412661071761e-14       1.164193497511e-16      -5.087850204418e-17       8.815655862443e-17       0.000000000000e+00       0.000000000000e+00       0.000000000000e+00 
  396       2.384975644405e-14       1.170371865676e-16      -6.655517135792e-17       8.820165540299e-17       0.000000000000e+00       0.000000000000e+00       0.000000000000e+00 
  397       2.356549938737e-14       1.177109558858e-16      -8.147950025112e-17       8.824000512031e-17       0.000000000000e+00       0.000000000000e+00       0.000000000000e+00 
  398       2.327420897775e-14       1.184383297208e-16      -9.565112097203e-17       8.827137840307e-17       0.000000000000e+00       0.000000000000e+00       0.000000000000e+00 
  399       2.297626321584e-14       1.192169209325e-16      -1.090698535950e-16       8.829554244586e-17       0.000000000000e+00       0.000000000000e+00       0.000000000000e+00 
  400       2.267204872823e-14       1.200442828304e-16      -1.217357076297e-16       8.831226099146e-17       0.000000000000e+00       0.000000000000e+00       0.000000000000e+00 
  401       2.236196082287e-14       1.209179087760e-16      -1.336488836304e-16       8.832129431117e-17       0.000000000000e+00       0.000000000000e+00       0.000000000000e+00 
  402       2.204640354452e-14       1.218352317872e-16      -1.448097748055e-16       8.832239918514e-17       0.000000000000e+00       0.000000000000e+00       0.000000000000e+00 
  403       2.172578973022e-14       1.227936241417e-16      -1.552189686265e-16       8.831532888265e-17       0.000000000000e+00       0.000000000000e+00       0.000000000000e+00 
  404       2.140054106473e-14       1.237903969803e-16      -1.648772484374e-16       8.829983314244e-17       0.000000000000e+00       0.000000000000e+00       0.000000000000e+00 
  405       2.107108813600e-14       1.248227999109e-16      -1.737855950639e-16       8.827565815305e-17       0.000000000000e+00       0.000000000000e+00       0.000000000000e+00 
  406       2.073787049058e-14       1.258880206116e-16      -1.819451884228e-16       8.824254653309e-17       0.000000000000e+00       0.000000000000e+00       0.000000000000e+00 
  407       2.040133668910e-14       1.269831844349e-16      -1.893574091315e-16       8.820023731158e-17       0.000000000000e+00       0.000000000000e+00       0.000000000000e+00 
  408       2.006194436175e-14       1.281053540108e-16      -1.960238401166e-16       8.814846590825e-17       0.000000000000e+00       0.000000000000e+00       0.000000000000e+00 
  409       1.972016026366e-14       1.292515288503e-16      -2.019462682240e-16       8.808696411386e-17       0.000000000000e+00       0.000000000000e+00       0.000000000000e+00 
  410       1.937646033041e-14       1.304186449497e-16      -2.071266858276e-16       8.801546007053e-17       0.000000000000e+00       0.000000000000e+00       0.000000000000e+00 
  411       1.903132973345e-14       1.316035743934e-16      -2.115672924388e-16       8.793367825203e-17       0.000000000000e+00       0.000000000000e+00       0.000000000000e+00 
  412       1.868526293557e-14       1.328031249577e-16      -2.152704963157e-16       8.784133944410e-17       0.000000000000e+00       0.000000000000e+00       0.000000000000e+00 
  413       1.833876374636e-14       1.340140397149e-16      -2.182389160727e-16       8.773816072477e-17       0.000000000000e+00       0.000000000000e+00       0.000000000000e+00 
  414       1.799234537761e-14       1.352329966359e-16      -2.204753822894e-16       8.762385544467e-17       0.000000000000e+00       0.000000000000e+00       0.000000000000e+00 
  415       1.764653049882e-14       1.364566081949e-16      -2.219829391198e-16       8.749813320733e-17       0.000000000000e+00       0.000000000000e+00       0.000000000000e+00 
  416       1.730185129262e-14       1.376814209721e-16      -2.227648459020e-16       8.736069984954e-17       0.000000000000e+00       0.000000000000e+00       0.000000000000e+00 
  417       1.695884951024e-14       1.389039152578e-16      -2.228245787674e-16       8.721125742160e-17       0.000000000000e+00       0.000000000000e+00       0.000000000000e+00 
  418       1.661807652692e-14       1.401205046556e-16      -2.221658322497e-16       8.704950416769e-17       0.000000000000e+00       0.000000000000e+00       0.000000000000e+00 
  419       1.628009339744e-14       1.413275356863e-16      -2.207925208944e-16       8.687513450613e-17       0.000000000000e+00       0.000000000000e+00       0.000000000000e+00 
  420       1.594547091147e-14       1.425212873916e-16      -2.187087808679e-16       8.668783900975e-17       0.000000000000e+00       0.000000000000e+00       0.000000000000e+00 
  421       1.561478964910e-14       1.436979709372e-16      -2.159189715671e-16       8.648730438617e-17       0.000000000000e+00       0.000000000000e+00       0.000000000000e+00 
  422       1.528864003628e-14       1.448537292166e-16      -2.124276772284e-16       8.627321345812e-17       0.000000000000e+00       0.000000000000e+00       0.000000000000e+00 
  423       1.496762240021e-14       1.459846364551e-16      -2.082397085372e-16       8.604524514375e-17       0.000000000000e+00       0.000000000000e+00       0.000000000000e+00 
  424       1.465234702489e-14       1.470866978126e-16      -2.033601042369e-16       8.580307443695e-17       0.000000000000e+00       0.000000000000e+00       0.000000000000e+00 
  425       1.434343420648e-14       1.481558489880e-16      -1.977941327384e-16       8.554637238767e-17       0.000000000000e+00       0.000000000000e+00       0.000000000000e+00 
  426       1.404151430880e-14       1.491879558220e-16      -1.915472937294e-16       8.527480608222e-17       0.000000000000e+00       0.000000000000e+00       0.000000000000e+00 
  427       1.374712056326e-14       1.501794640064e-16      -1.846274537603e-16       8.498814788757e-17       0.000000000000e+00       0.000000000000e+00       0.000000000000e+00 
  428       1.346036333881e-14       1.511293733616e-16      -1.770513297458e-16       8.468660731784e-17       0.000000000000e+00       0.000000000000e+00       0.000000000000e+00 
  429       1.318124489908e-14       1.520373299479e-16      -1.688382292071e-16       8.437051041979e-17       0.000000000000e+00       0.000000000000e+00       0.000000000000e+00 
  430       1.290976564177e-14       1.529029820593e-16      -1.600079392256e-16       8.404019158083e-17       0.000000000000e+00       0.000000000000e+00       0.000000000000e+00 
  431       1.264592408360e-14       1.537259802542e-16      -1.505807294542e-16       8.369599358109e-17       0.000000000000e+00       0.000000000000e+00       0.000000000000e+00 
  432       1.238971684539e-14       1.545059773857e-16      -1.405773551268e-16       8.333826764550e-17       0.000000000000e+00       0.000000000000e+00       0.000000000000e+00 
  433       1.214113863709e-14       1.552426286323e-16      -1.300190600697e-16       8.296737349583e-17       0.000000000000e+00       0.000000000000e+00       0.000000000000e+00 
  434       1.190018224276e-14       1.559355915280e-16      -1.189275797112e-16       8.258367940272e-17       0.000000000000e+00       0.000000000000e+00       0.000000000000e+00 
  435       1.166683850561e-14       1.565845259931e-16      -1.073251440929e-16       8.218756223781e-17       0.000000000000e+00       0.000000000000e+00       0.000000000000e+00 
  436       1.144109631308e-14       1.571890943642e-16      -9.523448087969e-17       8.177940752571e-17       0.000000000000e+00       0.000000000000e+00       0.000000000000e+00 
  437       1.122294258179e-14       1.577489614253e-16      -8.267881837020e-17       8.135960949614e-17       0.000000000000e+00       0.000000000000e+00       0.000000000000e+00 
  438       1.101236224260e-14       1.582637944376e-16      -6.968188850760e-17       8.092857113591e-17       0.000000000000e+00       0.000000000000e+00       0.000000000000e+00 
  439       1.080933822565e-14       1.587332631705e-16      -5.626792988982e-17       8.048670424107e-17       0.000000000000e+00       0.000000000000e+00       0.000000000000e+00 
  440       1.061385144537e-14       1.591570399315e-16      -4.246169078017e-17       8.003442946887e-17       0.000000000000e+00       0.000000000000e+00       0.000000000000e+00 
  441       1.042588078548e-14       1.595347995972e-16      -2.828843211772e-17       7.957217638988e-17       0.000000000000e+00       0.000000000000e+00       0.000000000000e+00 
  442       1.024540308408e-14       1.598662196434e-16      -1.377393052786e-17       7.910038354004e-17       0.000000000000e+00       0.000000000000e+00       0.000000000000e+00 
  443       1.007239311861e-14       1.601509801757e-16       1.055518667268e-18       7.861949847270e-17       0.000000000000e+00       0.000000000000e+00       0.000000000000e+00 
  444       9.906823590921e-15       1.603887639598e-16       1.617309843826e-17       7.812997781070e-17       0.000000000000e+00       0.000000000000e+00       0.000000000000e+00 
  445       9.748665112267e-15       1.605792564524e-16       3.155146703798e-17       7.763228729840e-17       0.000000000000e+00       0.000000000000e+00       0.000000000000e+00 
  446       9.597886188361e-15       1.607221458308e-16       4.716275499111e-17       7.712690185377e-17       0.000000000000e+00       0.000000000000e+00       0.000000000000e+00 
  447       9.454453204382e-15       1.608171230243e-16       6.297856208360e-17       7.661430562042e-17       0.000000000000e+00       0.000000000000e+00       0.000000000000e+00 
  448       9.318330410007e-15       1.608638817441e-16       7.896995435225e-17       7.609499201968e-17       0.000000000000e+00       0.000000000000e+00       0.000000000000e+00 
  449       9.189479904436e-15       1.608621185138e-16       9.510746107421e-17       7.556946380264e-17       0.000000000000e+00       0.000000000000e+00       0.000000000000e+00 
  450       9.067861621417e-15       1.608115327000e-16       1.113610717565e-16       7.503823310223e-17       0.000000000000e+00       0.000000000000e+00       0.000000000000e+00 
  451       8.953433314274e-15       1.607118265427e-16       1.277002331255e-16       7.450182148524e-17       0.000000000000e+00       0.000000000000e+00       0.000000000000e+00 
  452       8.846150540930e-15       1.605627051857e-16       1.440938461165e-16       7.396076000442e-17       0.000000000000e+00       0.000000000000e+00       0.000000000000e+00 
  453       8.745966648934e-15       1.603638767072e-16       1.605102628632e-16       7.341558925053e-17       0.000000000000e+00       0.000000000000e+00       0.000000000000e+00 
  454       8.652832760489e-15       1.601150521499e-16       1.769172836874e-16       7.286685940436e-17       0.000000000000e+00       0.000000000000e+00       0.000000000000e+00 
  455       8.566697757473e-15       1.598159455520e-16       1.932821540881e-16       7.231513028884e-17       0.000000000000e+00       0.000000000000e+00       0.000000000000e+00 
  456       8.487508266470e-15       1.594662739772e-16       2.095715617315e-16       7.176097142107e-17       0.000000000000e+00       0.000000000000e+00       0.000000000000e+00 
  457       8.415208643792e-15       1.590657575453e-16       2.257516334402e-16       7.120496206438e-17       0.000000000000e+00       0.000000000000e+00       0.000000000000e+00 
  458       8.349740960507e-15       1.586141194626e-16       2.417879321828e-16       7.064769128037e-17       0.000000000000e+00       0.000000000000e+00       0.000000000000e+00 
  459       8.291044987463e-15       1.581110860526e-16       2.576454540635e-16       7.008975798103e-17       0.000000000000e+00       0.000000000000e+00       0.000000000000e+00 
  460       8.239058180318e-15       1.575563867861e-16       2.732886253115e-16       6.953177098073e-17       0.000000000000e+00       0.000000000000e+00       0.000000000000e+00 
  461       8.193715664558e-15       1.569497543120e-16       2.886812992708e-16       6.897434904830e-17       0.000000000000e+00       0.000000000000e+00       0.000000000000e+00 
  462       8.154950220532e-15       1.562909244873e-16       3.037867533891e-16       6.841812095910e-17       0.000000000000e+00       0.000000000000e+00       0.000000000000e+00 
  463       8.122692268470e-15       1.555796364081e-16       3.185676862081e-16       6.786372554709e-17       0.000000000000e+00       0.000000000000e+00       0.000000000000e+00 
  464       8.096869853514e-15       1.548156324397e-16       3.329862143524e-16       6.731181175683e-17       0.000000000000e+00       0.000000000000e+00       0.000000000000e+00 
  465       8.077408630741e-15       1.539986582470e-16       3.470038695194e-16       6.676303869560e-17       0.000000000000e+00       0.000000000000e+00       0.000000000000e+00 
  466       8.064215481044e-15       1.531287506930e-16       3.605879063716e-16       6.621799147882e-17       0.000000000000e+00       0.000000000000e+00       0.000000000000e+00 
  467       8.057128826680e-15       1.522071113561e-16       3.737304489192e-16       6.567692577102e-17       0.000000000000e+00       0.000000000000e+00       0.000000000000e+00 
  468       8.055966736124e-15       1.512352603257e-16       3.864299355616e-16       6.514001537723e-17       0.000000000000e+00       0.000000000000e+00       0.000000000000e+00 
  469       8.060543129163e-15       1.502147509866e-16       3.986848626512e-16       6.460743573479e-17       0.000000000000e+00       0.000000000000e+00       0.000000000000e+00 
  470       8.070667752893e-15       1.491471702080e-16       4.104937849625e-16       6.407936391892e-17       0.000000000000e+00       0.000000000000e+00       0.000000000000e+00 
  471       8.086146157721e-15       1.480341385332e-16       4.218553161616e-16       6.355597864839e-17       0.000000000000e+00       0.000000000000e+00       0.000000000000e+00 
  472       8.106779673359e-15       1.468773103681e-16       4.327681292757e-16       6.303746029110e-17       0.000000000000e+00       0.000000000000e+00       0.000000000000e+00 
  473       8.132365384832e-15       1.456783741710e-16       4.432309571626e-16       6.252399086975e-17       0.000000000000e+00       0.000000000000e+00       0.000000000000e+00 
  474       8.162696108472e-15       1.444390526413e-16       4.532425929797e-16       6.201575406745e-17       0.000000000000e+00       0.000000000000e+00       0.000000000000e+00 
  475       8.197560367916e-15       1.431611029091e-16       4.628018906543e-16       6.151293523331e-17       0.000000000000e+00       0.000000000000e+00       0.000000000000e+00 
  476       8.236742370112e-15       1.418463167242e-16       4.719077653523e-16       6.101572138814e-17       0.000000000000e+00       0.000000000000e+00       0.000000000000e+00 
  477       8.280021981314e-15       1.404965206453e-16       4.805591939478e-16       6.052430122999e-17       0.000000000000e+00       0.000000000000e+00       0.000000000000e+00 
  478       8.327174703083e-15       1.391135762289e-16       4.887552154928e-16       6.003886513985e-17       0.000000000000e+00       0.000000000000e+00       0.000000000000e+00 
  479       8.377971648285e-15       1.376993802192e-16       4.964949316864e-16       5.955960518721e-17       0.000000000000e+00       0.000000000000e+00       0.000000000000e+00 
  480       8.432179517094e-15       1.362558647366e-16       5.037775073445e-16       5.908671513574e-17       0.000000000000e+00       0.000000000000e+00       0.000000000000e+00 
  481       8.489560572988e-15       1.347849974672e-16       5.106021708688e-16       5.862039044889e-17       0.000000000000e+00       0.000000000000e+00       0.000000000000e+00 
  482       8.549872618751e-15       1.332887818519e-16       5.169682147167e-16       5.816082829550e-17       0.000000000000e+00       0.000000000000e+00       0.000000000000e+00 
  483       8.612868972472e-15       1.317692572757e-16       5.228749958705e-16       5.770822755547e-17       0.000000000000e+00       0.000000000000e+00       0.000000000000e+00 
  484       8.678298443544e-15       1.302284992567e-16       5.283219363071e-16       5.726278882534e-17       0.000000000000e+00       0.000000000000e+00       0.000000000000e+00 
  485       8.745905308665e-15       1.286686196354e-16       5.333085234669e-16       5.682471442392e-17       0.000000000000e+00       0.000000000000e+00       0.000000000000e+00 
  486       8.815429287836e-15       1.270917667641e-16       5.378343107238e-16       5.639420839796e-17       0.000000000000e+00       0.000000000000e+00       0.000000000000e+00 
  487       8.886605520361e-15       1.255001256957e-16       5.418989178546e-16       5.597147652773e-17       0.000000000000e+00       0.000000000000e+00       0.000000000000e+00 
  488       8.959164540848e-15       1.238959183730e-16       5.455020315079e-16       5.555672633265e-17       0.000000000000e+00       0.000000000000e+00       0.000000000000e+00 
  489       9.032832255208e-15       1.222814038180e-16       5.486434056744e-16       5.515016707692e-17       0.000000000000e+00       0.000000000000e+00       0.000000000000e+00 
  490       9.107329916652e-15       1.206588783212e-16       5.513228621554e-16       5.475200977518e-17       0.000000000000e+00       0.000000000000e+00       0.000000000000e+00 
  491       9.182374101696e-15       1.190306756304e-16       5.535402910331e-16       5.436246719807e-17       0.000000000000e+00       0.000000000000e+00       0.000000000000e+00 
  492       9.257676686154e-15       1.173991671401e-16       5.552956511396e-16       5.398175387792e-17       0.000000000000e+00       0.000000000000e+00       0.000000000000e+00 
  493       9.332944821145e-15       1.157667620810e-16       5.565889705262e-16       5.361008611430e-17       0.000000000000e+00       0.000000000000e+00       0.000000000000e+00 
  494       9.407880909086e-15       1.141359077086e-16       5.574203469333e-16       5.324768197975e-17       0.000000000000e+00       0.000000000000e+00       0.000000000000e+00 
  495       9.482182579696e-15       1.125090894928e-16       5.577899482595e-16       5.289476132529e-17       0.000000000000e+00       0.000000000000e+00       0.000000000000e+00 
  496       9.555542665992e-15       1.108888313068e-16       5.576980130311e-16       5.255154578614e-17       0.000000000000e+00       0.000000000000e+00       0.000000000000e+00 
  497       9.627649180292e-15       1.092776956168e-16       5.571448508718e-16       5.221825878729e-17       0.000000000000e+00       0.000000000000e+00       0.000000000000e+00 
  498       9.698185290214e-15       1.076782836704e-16       5.561308429716e-16       5.189512554913e-17       0.000000000000e+00       0.000000000000e+00       0.000000000000e+00 
  499       9.766829294674e-15       1.060932356866e-16       5.546564425570e-16       5.158237309311e-17       0.000000000000e+00       0.000000000000e+00       0.000000000000e+00 
  500       9.833254599886e-15       1.045252310445e-16       5.527221753596e-16       5.128023024732e-17       0.000000000000e+00       0.000000000000e+00       0.000000000000e+00 
