# dimensionless [l(l+1)/2pi] C_l's for tensor mode
# for l=2 to 500, i.e. number of multipoles equal to 499
#
# -> if you prefer output in CAMB/HealPix/LensPix units/order, set 'format' to 'camb' in input file
# -> if you don't want to see such a header, set 'headers' to 'no' in input file
#
# 1:l     2:TT                     3:EE                     4:TE                     5:BB                     6:phiphi                 7:TPhi                   8:Ephi               
    2       7.362619672719e-12       1.547920122450e-16       6.980948967225e-15       2.646572935768e-16       0.000000000000e+00       0.000000000000e+00       0.000000000000e+00 
    3       5.858774685962e-12       1.799618868447e-16      -1.979676678464e-15       2.838997735533e-16       0.000000000000e+00       0.000000000000e+00       0.000000000000e+00 
    4       5.425896727486e-12       1.761830299147e-16      -4.783155442776e-15       2.608406400412e-16       0.000000000000e+00       0.000000000000e+00       0.000000000000e+00 
    5       5.293073472623e-12       1.494714685733e-16      -5.319845518837e-15       2.151538536354e-16       0.000000000000e+00       0.000000000000e+00       0.000000000000e+00 
    6       5.242236323633e-12       1.142406399231e-16      -4.999988106764e-15       1.643096515822e-16       0.000000000000e+00       0.000000000000e+00       0.000000000000e+00 
    7       5.232305873667e-12       8.214341915022e-17      -4.415546372969e-15       1.195960098306e-16       0.000000000000e+00       0.000000000000e+00       0.000000000000e+00 
    8       5.243152117273e-12       5.934956929522e-17      -3.851657091358e-15       8.621866495588e-17       0.000000000000e+00       0.000000000000e+00       0.000000000000e+00 
    9       5.264068024993e-12       4.719377230938e-17      -3.425089845825e-15       6.502388545413e-17       0.000000000000e+00       0.000000000000e+00       0.000000000000e+00 
   10       5.288903461834e-12       4.404994650408e-17      -3.167090753878e-15       5.443834923705e-17       0.000000000000e+00       0.000000000000e+00       0.000000000000e+00 
   11       5.314116937820e-12       4.721577938953e-17      -3.068595958804e-15       5.195383518730e-17       0.000000000000e+00       0.000000000000e+00       0.000000000000e+00 
   12       5.337738271977e-12       5.417244909084e-17      -3.105420632981e-15       5.506383820171e-17       0.000000000000e+00       0.000000000000e+00       0.000000000000e+00 
   13       5.358664226860e-12       6.314076711053e-17      -3.252399695881e-15       6.172384614710e-17       0.000000000000e+00       0.000000000000e+00       0.000000000000e+00 
   14       5.376265483459e-12       7.310516799974e-17      -3.488199324997e-15       7.049789287636e-17       0.000000000000e+00       0.000000000000e+00       0.000000000000e+00 
   15       5.390214607172e-12       8.362542772374e-17      -3.795840122183e-15       8.048232067251e-17       0.000000000000e+00       0.000000000000e+00       0.000000000000e+00 
   16       5.400391126907e-12       9.457076031498e-17      -4.163455118783e-15       9.118734264269e-17       0.000000000000e+00       0.000000000000e+00       0.000000000000e+00 
   17       5.406806527325e-12       1.059535541755e-16      -4.582507344180e-15       1.023659856253e-16       0.000000000000e+00       0.000000000000e+00       0.000000000000e+00 
   18       5.409221353416e-12       1.177857637237e-16      -5.045953593737e-15       1.139346957754e-16       0.000000000000e+00       0.000000000000e+00       0.000000000000e+00 
   19       5.408788003269e-12       1.300707014595e-16      -5.550394085680e-15       1.258610817100e-16       0.000000000000e+00       0.000000000000e+00       0.000000000000e+00 
   20       5.404588003986e-12       1.428156140826e-16      -6.091728587132e-15       1.381266716285e-16       0.000000000000e+00       0.000000000000e+00       0.000000000000e+00 
   21       5.397371219911e-12       1.559994981079e-16      -6.667190543366e-15       1.507216041906e-16       0.000000000000e+00       0.000000000000e+00       0.000000000000e+00 
   22       5.386959225387e-12       1.695939885208e-16      -7.273699301803e-15       1.636438100884e-16       0.000000000000e+00       0.000000000000e+00       0.000000000000e+00 
   23       5.373902807411e-12       1.835827759202e-16      -7.909095082817e-15       1.768809232882e-16       0.000000000000e+00       0.000000000000e+00       0.000000000000e+00 
   24       5.357964071798e-12       1.979567211841e-16      -8.571030284610e-15       1.904206622269e-16       0.000000000000e+00       0.000000000000e+00       0.000000000000e+00 
   25       5.339586973351e-12       2.127121472619e-16      -9.257158329660e-15       2.042519136748e-16       0.000000000000e+00       0.000000000000e+00       0.000000000000e+00 
   26       5.318669076288e-12       2.278509159062e-16      -9.964918879905e-15       2.183650358552e-16       0.000000000000e+00       0.000000000000e+00       0.000000000000e+00 
   27       5.295434524833e-12       2.433792407811e-16      -1.069239443323e-14       2.327435872052e-16       0.000000000000e+00       0.000000000000e+00       0.000000000000e+00 
   28       5.269721218467e-12       2.593040844418e-16      -1.143773679722e-14       2.473697161555e-16       0.000000000000e+00       0.000000000000e+00       0.000000000000e+00 
   29       5.242061614419e-12       2.756156757697e-16      -1.219914888185e-14       2.622255599557e-16       0.000000000000e+00       0.000000000000e+00       0.000000000000e+00 
   30       5.212567815268e-12       2.922980730645e-16      -1.297471939194e-14       2.772939893280e-16       0.000000000000e+00       0.000000000000e+00       0.000000000000e+00 
   31       5.180810426686e-12       3.093332118765e-16      -1.376246176757e-14       2.925583268428e-16       0.000000000000e+00       0.000000000000e+00       0.000000000000e+00 
   32       5.147153832704e-12       3.266999225213e-16      -1.456070204499e-14       3.080001604491e-16       0.000000000000e+00       0.000000000000e+00       0.000000000000e+00 
   33       5.111781651319e-12       3.443741822164e-16      -1.536783933834e-14       3.236007761838e-16       0.000000000000e+00       0.000000000000e+00       0.000000000000e+00 
   34       5.074508503775e-12       3.623320450008e-16      -1.618227173885e-14       3.393413315120e-16       0.000000000000e+00       0.000000000000e+00       0.000000000000e+00 
   35       5.035578312132e-12       3.805596984166e-16      -1.700247119422e-14       3.552014154123e-16       0.000000000000e+00       0.000000000000e+00       0.000000000000e+00 
   36       4.995052115470e-12       3.990469196732e-16      -1.782694503820e-14       3.711599715375e-16       0.000000000000e+00       0.000000000000e+00       0.000000000000e+00 
   37       4.952755138200e-12       4.177826091833e-16      -1.865417814085e-14       3.871962292922e-16       0.000000000000e+00       0.000000000000e+00       0.000000000000e+00 
   38       4.908984145407e-12       4.367483148684e-16      -1.948247969782e-14       4.032916594827e-16       0.000000000000e+00       0.000000000000e+00       0.000000000000e+00 
   39       4.863970637644e-12       4.559225075859e-16      -2.031009263761e-14       4.194286879066e-16       0.000000000000e+00       0.000000000000e+00       0.000000000000e+00 
   40       4.817651710958e-12       4.752821979394e-16      -2.113523808664e-14       4.355902106633e-16       0.000000000000e+00       0.000000000000e+00       0.000000000000e+00 
   41       4.769814383706e-12       4.948061553741e-16      -2.195640414242e-14       4.517585348455e-16       0.000000000000e+00       0.000000000000e+00       0.000000000000e+00 
   42       4.720659846179e-12       5.144860423137e-16      -2.277331839140e-14       4.679117138383e-16       0.000000000000e+00       0.000000000000e+00       0.000000000000e+00 
   43       4.670370546591e-12       5.343187529564e-16      -2.358629678222e-14       4.840260694754e-16       0.000000000000e+00       0.000000000000e+00       0.000000000000e+00 
   44       4.618931924142e-12       5.543035518625e-16      -2.439600713130e-14       5.000771342483e-16       0.000000000000e+00       0.000000000000e+00       0.000000000000e+00 
   45       4.566238206050e-12       5.744378751998e-16      -2.520292708875e-14       5.160404253498e-16       0.000000000000e+00       0.000000000000e+00       0.000000000000e+00 
   46       4.512492435997e-12       5.947029154419e-16      -2.600547195737e-14       5.318941486250e-16       0.000000000000e+00       0.000000000000e+00       0.000000000000e+00 
   47       4.457893612933e-12       6.150739596112e-16      -2.680134530807e-14       5.476172265735e-16       0.000000000000e+00       0.000000000000e+00       0.000000000000e+00 
   48       4.402510651143e-12       6.355242405603e-16      -2.758804502286e-14       5.631885517400e-16       0.000000000000e+00       0.000000000000e+00       0.000000000000e+00 
   49       4.346270508853e-12       6.560248239973e-16      -2.836285321039e-14       5.785869889532e-16       0.000000000000e+00       0.000000000000e+00       0.000000000000e+00 
   50       4.289046894222e-12       6.765460460344e-16      -2.912304905516e-14       5.937915019454e-16       0.000000000000e+00       0.000000000000e+00       0.000000000000e+00 
   51       4.230982310848e-12       6.970625479477e-16      -2.986663887299e-14       6.087815685332e-16       0.000000000000e+00       0.000000000000e+00       0.000000000000e+00 
   52       4.172232907447e-12       7.175494127632e-16      -3.059180678920e-14       6.235368820035e-16       0.000000000000e+00       0.000000000000e+00       0.000000000000e+00 
   53       4.112868571667e-12       7.379806951198e-16      -3.129670952156e-14       6.380372444822e-16       0.000000000000e+00       0.000000000000e+00       0.000000000000e+00 
   54       4.052865791755e-12       7.583293812610e-16      -3.197947678676e-14       6.522625750268e-16       0.000000000000e+00       0.000000000000e+00       0.000000000000e+00 
   55       3.992169407068e-12       7.785693260019e-16      -3.263838300223e-14       6.661939291766e-16       0.000000000000e+00       0.000000000000e+00       0.000000000000e+00 
   56       3.930912176683e-12       7.986817187684e-16      -3.327241140962e-14       6.798168356624e-16       0.000000000000e+00       0.000000000000e+00       0.000000000000e+00 
   57       3.869237252986e-12       8.186501537836e-16      -3.388083080376e-14       6.931188027811e-16       0.000000000000e+00       0.000000000000e+00       0.000000000000e+00 
   58       3.807229714359e-12       8.384588300370e-16      -3.446304344183e-14       7.060884260275e-16       0.000000000000e+00       0.000000000000e+00       0.000000000000e+00 
   59       3.744912110823e-12       8.580925883017e-16      -3.501859212379e-14       7.187154355934e-16       0.000000000000e+00       0.000000000000e+00       0.000000000000e+00 
   60       3.682240009680e-12       8.775369481509e-16      -3.554716727264e-14       7.309907438674e-16       0.000000000000e+00       0.000000000000e+00       0.000000000000e+00 
   61       3.619154994667e-12       8.967776986973e-16      -3.604851299324e-14       7.429058484872e-16       0.000000000000e+00       0.000000000000e+00       0.000000000000e+00 
   62       3.555767641902e-12       9.157994797206e-16      -3.652210459027e-14       7.544507774600e-16       0.000000000000e+00       0.000000000000e+00       0.000000000000e+00 
   63       3.492207897427e-12       9.345869462963e-16      -3.696741090047e-14       7.656157649923e-16       0.000000000000e+00       0.000000000000e+00       0.000000000000e+00 
   64       3.428568668597e-12       9.531252093735e-16      -3.738399272520e-14       7.763918817523e-16       0.000000000000e+00       0.000000000000e+00       0.000000000000e+00 
   65       3.364903192678e-12       9.713998586317e-16      -3.777150670538e-14       7.867710619216e-16       0.000000000000e+00       0.000000000000e+00       0.000000000000e+00 
   66       3.301222405442e-12       9.893969853370e-16      -3.812970919656e-14       7.967461302476e-16       0.000000000000e+00       0.000000000000e+00       0.000000000000e+00 
   67       3.237492309773e-12       1.007103205199e-15      -3.845846014390e-14       8.063108290945e-16       0.000000000000e+00       0.000000000000e+00       0.000000000000e+00 
   68       3.173674011800e-12       1.024505422031e-15      -3.875768119156e-14       8.154594694311e-16       0.000000000000e+00       0.000000000000e+00       0.000000000000e+00 
   69       3.109859131533e-12       1.041590012018e-15      -3.902721149238e-14       8.241857412031e-16       0.000000000000e+00       0.000000000000e+00       0.000000000000e+00 
   70       3.046157228892e-12       1.058343514465e-15      -3.926692950845e-14       8.324837094003e-16       0.000000000000e+00       0.000000000000e+00       0.000000000000e+00 
   71       2.982654051302e-12       1.074752892298e-15      -3.947679884767e-14       8.403481859140e-16       0.000000000000e+00       0.000000000000e+00       0.000000000000e+00 
   72       2.919409993537e-12       1.090805548301e-15      -3.965687096832e-14       8.477747469710e-16       0.000000000000e+00       0.000000000000e+00       0.000000000000e+00 
   73       2.856458557554e-12       1.106489341336e-15      -3.980728788359e-14       8.547597505673e-16       0.000000000000e+00       0.000000000000e+00       0.000000000000e+00 
   74       2.793804812340e-12       1.121792602574e-15      -3.992828486607e-14       8.613003539014e-16       0.000000000000e+00       0.000000000000e+00       0.000000000000e+00 
   75       2.731423853748e-12       1.136704151723e-15      -4.002019315235e-14       8.673945308088e-16       0.000000000000e+00       0.000000000000e+00       0.000000000000e+00 
   76       2.669289247184e-12       1.151213167373e-15      -4.008338034998e-14       8.730407768144e-16       0.000000000000e+00       0.000000000000e+00       0.000000000000e+00 
   77       2.607467748147e-12       1.165308734884e-15      -4.011805313420e-14       8.782371236604e-16       0.000000000000e+00       0.000000000000e+00       0.000000000000e+00 
   78       2.546039136527e-12       1.178980245151e-15      -4.012442331845e-14       8.829819759117e-16       0.000000000000e+00       0.000000000000e+00       0.000000000000e+00 
   79       2.485066855729e-12       1.192217546194e-15      -4.010276836404e-14       8.872744182439e-16       0.000000000000e+00       0.000000000000e+00       0.000000000000e+00 
   80       2.424597087331e-12       1.205010956394e-15      -4.005343280717e-14       8.911142264711e-16       0.000000000000e+00       0.000000000000e+00       0.000000000000e+00 
   81       2.364657825755e-12       1.217351277729e-15      -3.997682968608e-14       8.945018785745e-16       0.000000000000e+00       0.000000000000e+00       0.000000000000e+00 
   82       2.305257952922e-12       1.229229809008e-15      -3.987344196802e-14       8.974385657302e-16       0.000000000000e+00       0.000000000000e+00       0.000000000000e+00 
   83       2.246386312921e-12       1.240638359113e-15      -3.974382397642e-14       8.999262033374e-16       0.000000000000e+00       0.000000000000e+00       0.000000000000e+00 
   84       2.188031123182e-12       1.251569273071e-15      -3.958855741189e-14       9.019672382924e-16       0.000000000000e+00       0.000000000000e+00       0.000000000000e+00 
   85       2.130243932310e-12       1.262015486284e-15      -3.940810791237e-14       9.035640099440e-16       0.000000000000e+00       0.000000000000e+00       0.000000000000e+00 
   86       2.073084617842e-12       1.271970503598e-15      -3.920294721963e-14       9.047193029251e-16       0.000000000000e+00       0.000000000000e+00       0.000000000000e+00 
   87       2.016601417506e-12       1.281428400520e-15      -3.897359712519e-14       9.054365489789e-16       0.000000000000e+00       0.000000000000e+00       0.000000000000e+00 
   88       1.960830345673e-12       1.290383836662e-15      -3.872063013423e-14       9.057198345628e-16       0.000000000000e+00       0.000000000000e+00       0.000000000000e+00 
   89       1.905794609809e-12       1.298832069196e-15      -3.844467012959e-14       9.055739084518e-16       0.000000000000e+00       0.000000000000e+00       0.000000000000e+00 
   90       1.851504026929e-12       1.306768966308e-15      -3.814639303567e-14       9.050041893427e-16       0.000000000000e+00       0.000000000000e+00       0.000000000000e+00 
   91       1.797954440052e-12       1.314191020647e-15      -3.782652748240e-14       9.040167734570e-16       0.000000000000e+00       0.000000000000e+00       0.000000000000e+00 
   92       1.745127134651e-12       1.321095362781e-15      -3.748585546920e-14       9.026184421455e-16       0.000000000000e+00       0.000000000000e+00       0.000000000000e+00 
   93       1.693005228021e-12       1.327479489649e-15      -3.712516314744e-14       9.008162464303e-16       0.000000000000e+00       0.000000000000e+00       0.000000000000e+00 
   94       1.641626924543e-12       1.333340373995e-15      -3.674508325836e-14       8.986161726425e-16       0.000000000000e+00       0.000000000000e+00       0.000000000000e+00 
   95       1.591039228368e-12       1.338675245246e-15      -3.634623011514e-14       8.960242892211e-16       0.000000000000e+00       0.000000000000e+00       0.000000000000e+00 
   96       1.541281338303e-12       1.343481871980e-15      -3.592924735234e-14       8.930471536644e-16       0.000000000000e+00       0.000000000000e+00       0.000000000000e+00 
   97       1.492384297256e-12       1.347758571470e-15      -3.549480790513e-14       8.896918143267e-16       0.000000000000e+00       0.000000000000e+00       0.000000000000e+00 
   98       1.444370641667e-12       1.351504219222e-15      -3.504361398858e-14       8.859658122144e-16       0.000000000000e+00       0.000000000000e+00       0.000000000000e+00 
   99       1.397254050951e-12       1.354718258513e-15      -3.457639707680e-14       8.818771827825e-16       0.000000000000e+00       0.000000000000e+00       0.000000000000e+00 
  100       1.351038996930e-12       1.357400709936e-15      -3.409391788224e-14       8.774344577310e-16       0.000000000000e+00       0.000000000000e+00       0.000000000000e+00 
  101       1.305720393277e-12       1.359552180934e-15      -3.359696633491e-14       8.726466668012e-16       0.000000000000e+00       0.000000000000e+00       0.000000000000e+00 
  102       1.261283244949e-12       1.361173875347e-15      -3.308636156158e-14       8.675233395722e-16       0.000000000000e+00       0.000000000000e+00       0.000000000000e+00 
  103       1.217702297625e-12       1.362267602945e-15      -3.256295186503e-14       8.620745072574e-16       0.000000000000e+00       0.000000000000e+00       0.000000000000e+00 
  104       1.174954910804e-12       1.362835566674e-15      -3.202757599488e-14       8.563103069149e-16       0.000000000000e+00       0.000000000000e+00       0.000000000000e+00 
  105       1.133062412626e-12       1.362879671105e-15      -3.148094104635e-14       8.502397293210e-16       0.000000000000e+00       0.000000000000e+00       0.000000000000e+00 
  106       1.092053703942e-12       1.362402137916e-15      -3.092372795190e-14       8.438717045142e-16       0.000000000000e+00       0.000000000000e+00       0.000000000000e+00 
  107       1.051952330743e-12       1.361405726858e-15      -3.035662827598e-14       8.372154817353e-16       0.000000000000e+00       0.000000000000e+00       0.000000000000e+00 
  108       1.012776278914e-12       1.359893742856e-15      -2.978034376890e-14       8.302806268541e-16       0.000000000000e+00       0.000000000000e+00       0.000000000000e+00 
  109       9.745377689869e-13       1.357870043101e-15      -2.919558592069e-14       8.230770197973e-16       0.000000000000e+00       0.000000000000e+00       0.000000000000e+00 
  110       9.372430508920e-13       1.355339044150e-15      -2.860307551496e-14       8.156148519755e-16       0.000000000000e+00       0.000000000000e+00       0.000000000000e+00 
  111       9.008921987106e-13       1.352305729024e-15      -2.800354218277e-14       8.079046237107e-16       0.000000000000e+00       0.000000000000e+00       0.000000000000e+00 
  112       8.654789054278e-13       1.348775654303e-15      -2.739772395650e-14       7.999571416634e-16       0.000000000000e+00       0.000000000000e+00       0.000000000000e+00 
  113       8.309902776852e-13       1.344754957223e-15      -2.678636682371e-14       7.917835162600e-16       0.000000000000e+00       0.000000000000e+00       0.000000000000e+00 
  114       7.974066305328e-13       1.340250362776e-15      -2.617022428098e-14       7.833951591204e-16       0.000000000000e+00       0.000000000000e+00       0.000000000000e+00 
  115       7.647012821824e-13       1.335269190805e-15      -2.555005688780e-14       7.748037804849e-16       0.000000000000e+00       0.000000000000e+00       0.000000000000e+00 
  116       7.328498657596e-13       1.329819001793e-15      -2.492660891899e-14       7.660210099398e-16       0.000000000000e+00       0.000000000000e+00       0.000000000000e+00 
  117       7.018599877478e-13       1.323906470205e-15      -2.430053605524e-14       7.570572117798e-16       0.000000000000e+00       0.000000000000e+00       0.000000000000e+00 
  118       6.717448068126e-13       1.317538386855e-15      -2.367246802241e-14       7.479225201147e-16       0.000000000000e+00       0.000000000000e+00       0.000000000000e+00 
  119       6.425137196653e-13       1.310722011819e-15      -2.304303006477e-14       7.386271968443e-16       0.000000000000e+00       0.000000000000e+00       0.000000000000e+00 
  120       6.141722399627e-13       1.303465078336e-15      -2.241284229635e-14       7.291816257552e-16       0.000000000000e+00       0.000000000000e+00       0.000000000000e+00 
  121       5.867218772061e-13       1.295775796711e-15      -2.178251905235e-14       7.195963066176e-16       0.000000000000e+00       0.000000000000e+00       0.000000000000e+00 
  122       5.601600156407e-13       1.287662858218e-15      -2.115266824048e-14       7.098818492818e-16       0.000000000000e+00       0.000000000000e+00       0.000000000000e+00 
  123       5.344797931550e-13       1.279135439002e-15      -2.052389069238e-14       7.000489677747e-16       0.000000000000e+00       0.000000000000e+00       0.000000000000e+00 
  124       5.096699801798e-13       1.270203203981e-15      -1.989677951494e-14       6.901084743968e-16       0.000000000000e+00       0.000000000000e+00       0.000000000000e+00 
  125       4.857148585876e-13       1.260876310752e-15      -1.927191944173e-14       6.800712738181e-16       0.000000000000e+00       0.000000000000e+00       0.000000000000e+00 
  126       4.625941005923e-13       1.251165413488e-15      -1.864988618433e-14       6.699483571757e-16       0.000000000000e+00       0.000000000000e+00       0.000000000000e+00 
  127       4.402826476478e-13       1.241081666844e-15      -1.803124578374e-14       6.597507961695e-16       0.000000000000e+00       0.000000000000e+00       0.000000000000e+00 
  128       4.187505893478e-13       1.230636729860e-15      -1.741655396173e-14       6.494897371595e-16       0.000000000000e+00       0.000000000000e+00       0.000000000000e+00 
  129       3.979705085656e-13       1.219842308866e-15      -1.680634862862e-14       6.391760993069e-16       0.000000000000e+00       0.000000000000e+00       0.000000000000e+00 
  130       3.779406851200e-13       1.208708721217e-15      -1.620112785504e-14       6.288196440975e-16       0.000000000000e+00       0.000000000000e+00       0.000000000000e+00 
  131       3.586642205742e-13       1.197246180641e-15      -1.560136824661e-14       6.184297921131e-16       0.000000000000e+00       0.000000000000e+00       0.000000000000e+00 
  132       3.401417331603e-13       1.185465244708e-15      -1.500753088025e-14       6.080159018937e-16       0.000000000000e+00       0.000000000000e+00       0.000000000000e+00 
  133       3.223712901040e-13       1.173376815435e-15      -1.442006060651e-14       5.975872619170e-16       0.000000000000e+00       0.000000000000e+00       0.000000000000e+00 
  134       3.053483399500e-13       1.160992139888e-15      -1.383938535204e-14       5.871530825771e-16       0.000000000000e+00       0.000000000000e+00       0.000000000000e+00 
  135       2.890656448868e-13       1.148322810789e-15      -1.326591542196e-14       5.767224881633e-16       0.000000000000e+00       0.000000000000e+00       0.000000000000e+00 
  136       2.735132130713e-13       1.135380767115e-15      -1.270004280226e-14       5.663045088389e-16       0.000000000000e+00       0.000000000000e+00       0.000000000000e+00 
  137       2.586782309545e-13       1.122178294707e-15      -1.214214046225e-14       5.559080726205e-16       0.000000000000e+00       0.000000000000e+00       0.000000000000e+00 
  138       2.445449956061e-13       1.108728026871e-15      -1.159256165690e-14       5.455419973564e-16       0.000000000000e+00       0.000000000000e+00       0.000000000000e+00 
  139       2.310948470395e-13       1.095042944983e-15      -1.105163922930e-14       5.352149827056e-16       0.000000000000e+00       0.000000000000e+00       0.000000000000e+00 
  140       2.183061005366e-13       1.081136379089e-15      -1.051968491303e-14       5.249356021168e-16       0.000000000000e+00       0.000000000000e+00       0.000000000000e+00 
  141       2.061539789733e-13       1.067022008517e-15      -9.996988634570e-15       5.147122948073e-16       0.000000000000e+00       0.000000000000e+00       0.000000000000e+00 
  142       1.946105451440e-13       1.052713862471e-15      -9.483817815732e-15       5.045533577416e-16       0.000000000000e+00       0.000000000000e+00       0.000000000000e+00 
  143       1.836446340869e-13       1.038226320644e-15      -8.980416676029e-15       4.944669376105e-16       0.000000000000e+00       0.000000000000e+00       0.000000000000e+00 
  144       1.732277034207e-13       1.023573536345e-15      -8.487020240982e-15       4.844609104534e-16       0.000000000000e+00       0.000000000000e+00       0.000000000000e+00 
  145       1.633521772620e-13       1.008767640529e-15      -8.003899396157e-15       4.745425240817e-16       0.000000000000e+00       0.000000000000e+00       0.000000000000e+00 
  146       1.540147905448e-13       9.938203610356e-16      -7.531318969427e-15       4.647187049915e-16       0.000000000000e+00       0.000000000000e+00       0.000000000000e+00 
  147       1.452108000334e-13       9.787435814682e-16      -7.069522816287e-15       4.549961589641e-16       0.000000000000e+00       0.000000000000e+00       0.000000000000e+00 
  148       1.369339506590e-13       9.635493384780e-16      -6.618733206770e-15       4.453813623995e-16       0.000000000000e+00       0.000000000000e+00       0.000000000000e+00 
  149       1.291764418566e-13       9.482498190502e-16      -6.179150212373e-15       4.358805536493e-16       0.000000000000e+00       0.000000000000e+00       0.000000000000e+00 
  150       1.219288939010e-13       9.328573577887e-16      -5.750951092976e-15       4.264997243503e-16       0.000000000000e+00       0.000000000000e+00       0.000000000000e+00 
  151       1.151803142439e-13       9.173844342010e-16      -5.334289683761e-15       4.172446107571e-16       0.000000000000e+00       0.000000000000e+00       0.000000000000e+00 
  152       1.089180638499e-13       9.018436699837e-16      -4.929295782138e-15       4.081206850756e-16       0.000000000000e+00       0.000000000000e+00       0.000000000000e+00 
  153       1.031278235335e-13       8.862478263070e-16      -4.536074534665e-15       3.991331467961e-16       0.000000000000e+00       0.000000000000e+00       0.000000000000e+00 
  154       9.779356029569e-14       8.706098011001e-16      -4.154705823965e-15       3.902869140262e-16       0.000000000000e+00       0.000000000000e+00       0.000000000000e+00 
  155       9.289749365992e-14       8.549426263361e-16      -3.785243655652e-15       3.815866148242e-16       0.000000000000e+00       0.000000000000e+00       0.000000000000e+00 
  156       8.842006200924e-14       8.392594653170e-16      -3.427715545253e-15       3.730365785324e-16       0.000000000000e+00       0.000000000000e+00       0.000000000000e+00 
  157       8.433988892260e-14       8.235736099589e-16      -3.082121905124e-15       3.646408271099e-16       0.000000000000e+00       0.000000000000e+00       0.000000000000e+00 
  158       8.063374951145e-14       8.078984780769e-16      -2.748435431376e-15       3.564030664656e-16       0.000000000000e+00       0.000000000000e+00       0.000000000000e+00 
  159       7.727653675626e-14       7.922476106703e-16      -2.426600490795e-15       3.483266777921e-16       0.000000000000e+00       0.000000000000e+00       0.000000000000e+00 
  160       7.424122784310e-14       7.766346692073e-16      -2.116532507763e-15       3.404147088981e-16       0.000000000000e+00       0.000000000000e+00       0.000000000000e+00 
  161       7.150318526964e-14       7.610728531729e-16      -1.818151932479e-15       3.326700681473e-16       0.000000000000e+00       0.000000000000e+00       0.000000000000e+00 
  162       6.905355827463e-14       7.455731005270e-16      -1.531490808434e-15       3.250961437425e-16       0.000000000000e+00       0.000000000000e+00       0.000000000000e+00 
  163       6.688700771372e-14       7.301457221782e-16      -1.256594501165e-15       3.176962228978e-16       0.000000000000e+00       0.000000000000e+00       0.000000000000e+00 
  164       6.499746426919e-14       7.148009620692e-16      -9.934875141905e-16       3.104732864851e-16       0.000000000000e+00       0.000000000000e+00       0.000000000000e+00 
  165       6.337811473021e-14       6.995489917946e-16      -7.421730350335e-16       3.034300013001e-16       0.000000000000e+00       0.000000000000e+00       0.000000000000e+00 
  166       6.202138827319e-14       6.843999052183e-16      -5.026324812486e-16       2.965687123270e-16       0.000000000000e+00       0.000000000000e+00       0.000000000000e+00 
  167       6.091894274198e-14       6.693637130917e-16      -2.748250464469e-16       2.898914350039e-16       0.000000000000e+00       0.000000000000e+00       0.000000000000e+00 
  168       6.006165092819e-14       6.544503376710e-16      -5.868724632129e-17       2.833998474884e-16       0.000000000000e+00       0.000000000000e+00       0.000000000000e+00 
  169       5.943958685146e-14       6.396696073353e-16       1.458675353275e-16       2.770952829227e-16       0.000000000000e+00       0.000000000000e+00       0.000000000000e+00 
  170       5.904201203976e-14       6.250312512042e-16       3.389495005656e-16       2.709787216990e-16       0.000000000000e+00       0.000000000000e+00       0.000000000000e+00 
  171       5.885736180963e-14       6.105448937554e-16       5.206928913009e-16       2.650507837247e-16       0.000000000000e+00       0.000000000000e+00       0.000000000000e+00 
  172       5.887323154647e-14       5.962200494427e-16       6.912564432569e-16       2.593117206878e-16       0.000000000000e+00       0.000000000000e+00       0.000000000000e+00 
  173       5.907636298485e-14       5.820661173135e-16       8.508238399475e-16       2.537614083221e-16       0.000000000000e+00       0.000000000000e+00       0.000000000000e+00 
  174       5.945263048874e-14       5.680923756269e-16       9.996041666517e-16       2.483993386726e-16       0.000000000000e+00       0.000000000000e+00       0.000000000000e+00 
  175       5.998702733185e-14       5.543079764708e-16       1.137832364388e-15       2.432246123610e-16       0.000000000000e+00       0.000000000000e+00       0.000000000000e+00 
  176       6.066365197782e-14       5.407219403805e-16       1.265769683888e-15       2.382359308504e-16       0.000000000000e+00       0.000000000000e+00       0.000000000000e+00 
  177       6.146569436061e-14       5.273431509556e-16       1.383704139572e-15       2.334315887115e-16       0.000000000000e+00       0.000000000000e+00       0.000000000000e+00 
  178       6.237542216468e-14       5.141803494784e-16       1.491950963525e-15       2.288094658870e-16       0.000000000000e+00       0.000000000000e+00       0.000000000000e+00 
  179       6.337416710531e-14       5.012421295311e-16       1.590853059466e-15       2.243670199576e-16       0.000000000000e+00       0.000000000000e+00       0.000000000000e+00 
  180       6.444510731757e-14       4.885365830647e-16       1.680729479971e-15       2.201018628618e-16       0.000000000000e+00       0.000000000000e+00       0.000000000000e+00 
  181       6.558189050557e-14       4.760702183860e-16       1.761715330020e-15       2.160135584775e-16       0.000000000000e+00       0.000000000000e+00       0.000000000000e+00 
  182       6.678067148141e-14       4.638489456273e-16       1.833909979815e-15       2.121019534067e-16       0.000000000000e+00       0.000000000000e+00       0.000000000000e+00 
  183       6.803737425633e-14       4.518784109480e-16       1.897428158607e-15       2.083665998187e-16       0.000000000000e+00       0.000000000000e+00       0.000000000000e+00 
  184       6.934768861976e-14       4.401639898689e-16       1.952400217224e-15       2.048067498681e-16       0.000000000000e+00       0.000000000000e+00       0.000000000000e+00 
  185       7.070706671833e-14       4.287107806061e-16       1.998972390606e-15       2.014213501130e-16       0.000000000000e+00       0.000000000000e+00       0.000000000000e+00 
  186       7.211071963486e-14       4.175235974048e-16       2.037307060333e-15       1.982090359327e-16       0.000000000000e+00       0.000000000000e+00       0.000000000000e+00 
  187       7.355361396744e-14       4.066069638733e-16       2.067583017156e-15       1.951681259461e-16       0.000000000000e+00       0.000000000000e+00       0.000000000000e+00 
  188       7.503046840840e-14       3.959651063170e-16       2.089995723534e-15       1.922966164291e-16       0.000000000000e+00       0.000000000000e+00       0.000000000000e+00 
  189       7.653575032337e-14       3.856019470723e-16       2.104757576161e-15       1.895921757333e-16       0.000000000000e+00       0.000000000000e+00       0.000000000000e+00 
  190       7.806367233027e-14       3.755210978405e-16       2.112098168497e-15       1.870521387035e-16       0.000000000000e+00       0.000000000000e+00       0.000000000000e+00 
  191       7.960818887834e-14       3.657258530221e-16       2.112264553302e-15       1.846735010957e-16       0.000000000000e+00       0.000000000000e+00       0.000000000000e+00 
  192       8.116299282718e-14       3.562191830501e-16       2.105521505169e-15       1.824529139956e-16       0.000000000000e+00       0.000000000000e+00       0.000000000000e+00 
  193       8.272151202575e-14       3.470037277246e-16       2.092151783050e-15       1.803866782358e-16       0.000000000000e+00       0.000000000000e+00       0.000000000000e+00 
  194       8.427690589142e-14       3.380817895464e-16       2.072456392793e-15       1.784707388146e-16       0.000000000000e+00       0.000000000000e+00       0.000000000000e+00 
  195       8.582206198893e-14       3.294553270508e-16       2.046754849671e-15       1.767006793135e-16       0.000000000000e+00       0.000000000000e+00       0.000000000000e+00 
  196       8.734959260949e-14       3.211259481422e-16       2.015385440913e-15       1.750717163154e-16       0.000000000000e+00       0.000000000000e+00       0.000000000000e+00 
  197       8.885183134976e-14       3.130949034272e-16       1.978705488238e-15       1.735786938222e-16       0.000000000000e+00       0.000000000000e+00       0.000000000000e+00 
  198       9.032082969085e-14       3.053630795493e-16       1.937091610384e-15       1.722160776737e-16       0.000000000000e+00       0.000000000000e+00       0.000000000000e+00 
  199       9.174835357740e-14       2.979309925223e-16       1.890939985642e-15       1.709779499645e-16       0.000000000000e+00       0.000000000000e+00       0.000000000000e+00 
  200       9.312587999654e-14       2.907987810645e-16       1.840666614384e-15       1.698580034629e-16       0.000000000000e+00       0.000000000000e+00       0.000000000000e+00 
  201       9.444594535163e-14       2.839663864359e-16       1.786653247725e-15       1.688504115062e-16       0.000000000000e+00       0.000000000000e+00       0.000000000000e+00 
  202       9.570630503073e-14       2.774341201277e-16       1.729080323336e-15       1.679525185425e-16       0.000000000000e+00       0.000000000000e+00       0.000000000000e+00 
  203       9.690606470927e-14       2.712021239152e-16       1.668082588449e-15       1.671623312364e-16       0.000000000000e+00       0.000000000000e+00       0.000000000000e+00 
  204       9.804435583127e-14       2.652701809236e-16       1.603802462430e-15       1.664776572898e-16       0.000000000000e+00       0.000000000000e+00       0.000000000000e+00 
  205       9.912033618363e-14       2.596377095134e-16       1.536390138730e-15       1.658961024471e-16       0.000000000000e+00       0.000000000000e+00       0.000000000000e+00 
  206       1.001331904704e-13       2.543037571657e-16       1.466003686831e-15       1.654150675008e-16       0.000000000000e+00       0.000000000000e+00       0.000000000000e+00 
  207       1.010821308871e-13       2.492669943669e-16       1.392809154190e-15       1.650317452970e-16       0.000000000000e+00       0.000000000000e+00       0.000000000000e+00 
  208       1.019663976948e-13       2.445257084940e-16       1.316980668189e-15       1.647431177412e-16       0.000000000000e+00       0.000000000000e+00       0.000000000000e+00 
  209       1.027852597947e-13       2.400777977002e-16       1.238700538082e-15       1.645459528031e-16       0.000000000000e+00       0.000000000000e+00       0.000000000000e+00 
  210       1.035380153023e-13       2.359207647994e-16       1.158159356938e-15       1.644368015228e-16       0.000000000000e+00       0.000000000000e+00       0.000000000000e+00 
  211       1.042239921215e-13       2.320517111518e-16       1.075556103591e-15       1.644119950158e-16       0.000000000000e+00       0.000000000000e+00       0.000000000000e+00 
  212       1.048425485191e-13       2.284673305492e-16       9.910982445859e-16       1.644676414788e-16       0.000000000000e+00       0.000000000000e+00       0.000000000000e+00 
  213       1.053930736989e-13       2.251639030995e-16       9.050018361252e-16       1.645996231949e-16       0.000000000000e+00       0.000000000000e+00       0.000000000000e+00 
  214       1.058749883762e-13       2.221372891126e-16       8.174916260155e-16       1.648035935394e-16       0.000000000000e+00       0.000000000000e+00       0.000000000000e+00 
  215       1.062877453518e-13       2.193829229851e-16       7.288011556142e-16       1.650749739850e-16       0.000000000000e+00       0.000000000000e+00       0.000000000000e+00 
  216       1.066308300865e-13       2.168958070856e-16       6.391728617767e-16       1.654089511076e-16       0.000000000000e+00       0.000000000000e+00       0.000000000000e+00 
  217       1.069037612753e-13       2.146705056400e-16       5.488581788027e-16       1.658004735914e-16       0.000000000000e+00       0.000000000000e+00       0.000000000000e+00 
  218       1.071060914217e-13       2.127011386165e-16       4.581176403833e-16       1.662442492349e-16       0.000000000000e+00       0.000000000000e+00       0.000000000000e+00 
  219       1.072374074119e-13       2.109813756107e-16       3.672209815472e-16       1.667347419557e-16       0.000000000000e+00       0.000000000000e+00       0.000000000000e+00 
  220       1.072973310892e-13       2.095044297309e-16       2.764472406080e-16       1.672661687968e-16       0.000000000000e+00       0.000000000000e+00       0.000000000000e+00 
  221       1.072855198280e-13       2.082630514833e-16       1.860848611107e-16       1.678324969314e-16       0.000000000000e+00       0.000000000000e+00       0.000000000000e+00 
  222       1.072016671085e-13       2.072495226570e-16       9.643179377840e-17       1.684274406686e-16       0.000000000000e+00       0.000000000000e+00       0.000000000000e+00 
  223       1.070455030907e-13       2.064556502095e-16       7.795598458931e-18       1.690444584594e-16       0.000000000000e+00       0.000000000000e+00       0.000000000000e+00 
  224       1.068170082373e-13       2.058736942853e-16      -7.954981694700e-17       1.696776651695e-16       0.000000000000e+00       0.000000000000e+00       0.000000000000e+00 
  225       1.065170682518e-13       2.054992312287e-16      -1.654972809544e-16       1.703246402671e-16       0.000000000000e+00       0.000000000000e+00       0.000000000000e+00 
  226       1.061468623661e-13       2.053284628330e-16      -2.499816343284e-16       1.709837944122e-16       0.000000000000e+00       0.000000000000e+00       0.000000000000e+00 
  227       1.057076551525e-13       2.053572948857e-16      -3.329371375410e-16       1.716534696078e-16       0.000000000000e+00       0.000000000000e+00       0.000000000000e+00 
  228       1.052007976052e-13       2.055813332779e-16      -4.142974720701e-16       1.723319383849e-16       0.000000000000e+00       0.000000000000e+00       0.000000000000e+00 
  229       1.046277282218e-13       2.059958801135e-16      -4.939957416975e-16       1.730174029874e-16       0.000000000000e+00       0.000000000000e+00       0.000000000000e+00 
  230       1.039899740852e-13       2.065959298183e-16      -5.719644738079e-16       1.737079945562e-16       0.000000000000e+00       0.000000000000e+00       0.000000000000e+00 
  231       1.032891519446e-13       2.073761652499e-16      -6.481356206871e-16       1.744017723144e-16       0.000000000000e+00       0.000000000000e+00       0.000000000000e+00 
  232       1.025269692973e-13       2.083309538061e-16      -7.224405608208e-16       1.750967227517e-16       0.000000000000e+00       0.000000000000e+00       0.000000000000e+00 
  233       1.017052254704e-13       2.094543435349e-16      -7.948101001932e-16       1.757907588095e-16       0.000000000000e+00       0.000000000000e+00       0.000000000000e+00 
  234       1.008258127019e-13       2.107400592436e-16      -8.651744735851e-16       1.764817190651e-16       0.000000000000e+00       0.000000000000e+00       0.000000000000e+00 
  235       9.989071722269e-14       2.121814986078e-16      -9.334633458729e-16       1.771673669167e-16       0.000000000000e+00       0.000000000000e+00       0.000000000000e+00 
  236       9.890202033781e-14       2.137717282813e-16      -9.996058133271e-16       1.778453897681e-16       0.000000000000e+00       0.000000000000e+00       0.000000000000e+00 
  237       9.786189950808e-14       2.155034800048e-16      -1.063530404911e-15       1.785133982131e-16       0.000000000000e+00       0.000000000000e+00       0.000000000000e+00 
  238       9.677262943160e-14       2.173691467154e-16      -1.125165083578e-15       1.791689252209e-16       0.000000000000e+00       0.000000000000e+00       0.000000000000e+00 
  239       9.563658312533e-14       2.193607786561e-16      -1.184437247572e-15       1.798094253198e-16       0.000000000000e+00       0.000000000000e+00       0.000000000000e+00 
  240       9.445623300658e-14       2.214700794847e-16      -1.241273731725e-15       1.804322737828e-16       0.000000000000e+00       0.000000000000e+00       0.000000000000e+00 
  241       9.323415197457e-14       2.236884023836e-16      -1.295600808756e-15       1.810347658118e-16       0.000000000000e+00       0.000000000000e+00       0.000000000000e+00 
  242       9.197301449196e-14       2.260067461684e-16      -1.347344190568e-15       1.816141157225e-16       0.000000000000e+00       0.000000000000e+00       0.000000000000e+00 
  243       9.067559766639e-14       2.284157513979e-16      -1.396429029550e-15       1.821674561289e-16       0.000000000000e+00       0.000000000000e+00       0.000000000000e+00 
  244       8.934478233202e-14       2.309056964831e-16      -1.442779919872e-15       1.826918371282e-16       0.000000000000e+00       0.000000000000e+00       0.000000000000e+00 
  245       8.798355413102e-14       2.334664937962e-16      -1.486320898784e-15       1.831842254855e-16       0.000000000000e+00       0.000000000000e+00       0.000000000000e+00 
  246       8.659500459520e-14       2.360876857804e-16      -1.526975447918e-15       1.836415038183e-16       0.000000000000e+00       0.000000000000e+00       0.000000000000e+00 
  247       8.518233222744e-14       2.387584410590e-16      -1.564666494581e-15       1.840604697816e-16       0.000000000000e+00       0.000000000000e+00       0.000000000000e+00 
  248       8.374884358330e-14       2.414675505444e-16      -1.599316413060e-15       1.844378352520e-16       0.000000000000e+00       0.000000000000e+00       0.000000000000e+00 
  249       8.229795435252e-14       2.442034235479e-16      -1.630847025915e-15       1.847702255129e-16       0.000000000000e+00       0.000000000000e+00       0.000000000000e+00 
  250       8.083278796865e-14       2.469555662082e-16      -1.659196740012e-15       1.850547684106e-16       0.000000000000e+00       0.000000000000e+00       0.000000000000e+00 
  251       7.935494351666e-14       2.497191194275e-16      -1.684373048644e-15       1.852909012119e-16       0.000000000000e+00       0.000000000000e+00       0.000000000000e+00 
  252       7.786565880698e-14       2.524905753182e-16      -1.706403062465e-15       1.854786664585e-16       0.000000000000e+00       0.000000000000e+00       0.000000000000e+00 
  253       7.636620675822e-14       2.552663174023e-16      -1.725316681343e-15       1.856181316917e-16       0.000000000000e+00       0.000000000000e+00       0.000000000000e+00 
  254       7.485789570908e-14       2.580426195554e-16      -1.741146628423e-15       1.857093897653e-16       0.000000000000e+00       0.000000000000e+00       0.000000000000e+00 
  255       7.334206973015e-14       2.608156449513e-16      -1.753928484195e-15       1.857525591582e-16       0.000000000000e+00       0.000000000000e+00       0.000000000000e+00 
  256       7.182010893584e-14       2.635814450052e-16      -1.763700720563e-15       1.857477842878e-16       0.000000000000e+00       0.000000000000e+00       0.000000000000e+00 
  257       7.029342979622e-14       2.663359583182e-16      -1.770504734905e-15       1.856952358228e-16       0.000000000000e+00       0.000000000000e+00       0.000000000000e+00 
  258       6.876348544888e-14       2.690750096214e-16      -1.774384884144e-15       1.855951109958e-16       0.000000000000e+00       0.000000000000e+00       0.000000000000e+00 
  259       6.723176601082e-14       2.717943087194e-16      -1.775388518813e-15       1.854476339167e-16       0.000000000000e+00       0.000000000000e+00       0.000000000000e+00 
  260       6.569979889030e-14       2.744894494349e-16      -1.773566017120e-15       1.852530558854e-16       0.000000000000e+00       0.000000000000e+00       0.000000000000e+00 
  261       6.416914909872e-14       2.771559085522e-16      -1.768970819015e-15       1.850116557047e-16       0.000000000000e+00       0.000000000000e+00       0.000000000000e+00 
  262       6.264141956249e-14       2.797890447616e-16      -1.761659460256e-15       1.847237399933e-16       0.000000000000e+00       0.000000000000e+00       0.000000000000e+00 
  263       6.111825143488e-14       2.823840976030e-16      -1.751691606477e-15       1.843896434987e-16       0.000000000000e+00       0.000000000000e+00       0.000000000000e+00 
  264       5.960132440790e-14       2.849361864105e-16      -1.739130087250e-15       1.840097294102e-16       0.000000000000e+00       0.000000000000e+00       0.000000000000e+00 
  265       5.809235702418e-14       2.874403092557e-16      -1.724040930156e-15       1.835843896718e-16       0.000000000000e+00       0.000000000000e+00       0.000000000000e+00 
  266       5.659310698882e-14       2.898913418923e-16      -1.706493394846e-15       1.831140452950e-16       0.000000000000e+00       0.000000000000e+00       0.000000000000e+00 
  267       5.510537148126e-14       2.922840366998e-16      -1.686560007114e-15       1.825991466720e-16       0.000000000000e+00       0.000000000000e+00       0.000000000000e+00 
  268       5.363098746716e-14       2.946130216276e-16      -1.664316592954e-15       1.820401738884e-16       0.000000000000e+00       0.000000000000e+00       0.000000000000e+00 
  269       5.217183201026e-14       2.968727991389e-16      -1.639842312636e-15       1.814376370363e-16       0.000000000000e+00       0.000000000000e+00       0.000000000000e+00 
  270       5.072982258425e-14       2.990577451547e-16      -1.613219694765e-15       1.807920765270e-16       0.000000000000e+00       0.000000000000e+00       0.000000000000e+00 
  271       4.930691738464e-14       3.011621079983e-16      -1.584534670350e-15       1.801040634041e-16       0.000000000000e+00       0.000000000000e+00       0.000000000000e+00 
  272       4.790511564061e-14       3.031800073384e-16      -1.553876606871e-15       1.793741996566e-16       0.000000000000e+00       0.000000000000e+00       0.000000000000e+00 
  273       4.652645792691e-14       3.051054331340e-16      -1.521338342341e-15       1.786031185314e-16       0.000000000000e+00       0.000000000000e+00       0.000000000000e+00 
  274       4.517302647571e-14       3.069322445778e-16      -1.487016219378e-15       1.777914848466e-16       0.000000000000e+00       0.000000000000e+00       0.000000000000e+00 
  275       4.384694548846e-14       3.086541690406e-16      -1.451010119267e-15       1.769399953044e-16       0.000000000000e+00       0.000000000000e+00       0.000000000000e+00 
  276       4.255038144778e-14       3.102648010149e-16      -1.413423496029e-15       1.760493788037e-16       0.000000000000e+00       0.000000000000e+00       0.000000000000e+00 
  277       4.128554342931e-14       3.117576010593e-16      -1.374363410483e-15       1.751203967536e-16       0.000000000000e+00       0.000000000000e+00       0.000000000000e+00 
  278       4.005468341359e-14       3.131258947423e-16      -1.333940564317e-15       1.741538433856e-16       0.000000000000e+00       0.000000000000e+00       0.000000000000e+00 
  279       3.885971790512e-14       3.143640671908e-16      -1.292258153411e-15       1.731505670055e-16       0.000000000000e+00       0.000000000000e+00       0.000000000000e+00 
  280       3.770107044865e-14       3.154712174117e-16      -1.249377718499e-15       1.721115343217e-16       0.000000000000e+00       0.000000000000e+00       0.000000000000e+00 
  281       3.657876975273e-14       3.164476912390e-16      -1.205351591642e-15       1.710377700590e-16       0.000000000000e+00       0.000000000000e+00       0.000000000000e+00 
  282       3.549282271240e-14       3.172939035589e-16      -1.160233934418e-15       1.699303366641e-16       0.000000000000e+00       0.000000000000e+00       0.000000000000e+00 
  283       3.444321413940e-14       3.180103390910e-16      -1.114080754817e-15       1.687903346504e-16       0.000000000000e+00       0.000000000000e+00       0.000000000000e+00 
  284       3.342990649232e-14       3.185975531684e-16      -1.066949924130e-15       1.676189029438e-16       0.000000000000e+00       0.000000000000e+00       0.000000000000e+00 
  285       3.245283960673e-14       3.190561725185e-16      -1.018901193840e-15       1.664172192270e-16       0.000000000000e+00       0.000000000000e+00       0.000000000000e+00 
  286       3.151193042537e-14       3.193868960437e-16      -9.699962125171e-16       1.651865002849e-16       0.000000000000e+00       0.000000000000e+00       0.000000000000e+00 
  287       3.060707272831e-14       3.195904956014e-16      -9.202985427055e-16       1.639280023500e-16       0.000000000000e+00       0.000000000000e+00       0.000000000000e+00 
  288       2.973813686308e-14       3.196678167854e-16      -8.698736778176e-16       1.626430214469e-16       0.000000000000e+00       0.000000000000e+00       0.000000000000e+00 
  289       2.890496947484e-14       3.196197797058e-16      -8.187890590246e-16       1.613328937380e-16       0.000000000000e+00       0.000000000000e+00       0.000000000000e+00 
  290       2.810739323657e-14       3.194473797699e-16      -7.671140921482e-16       1.599989958681e-16       0.000000000000e+00       0.000000000000e+00       0.000000000000e+00 
  291       2.734520657918e-14       3.191516884625e-16      -7.149201645518e-16       1.586427453099e-16       0.000000000000e+00       0.000000000000e+00       0.000000000000e+00 
  292       2.661818342171e-14       3.187338541271e-16      -6.622806620322e-16       1.572656007088e-16       0.000000000000e+00       0.000000000000e+00       0.000000000000e+00 
  293       2.592607290146e-14       3.181951027455e-16      -6.092709857109e-16       1.558690622281e-16       0.000000000000e+00       0.000000000000e+00       0.000000000000e+00 
  294       2.526859910416e-14       3.175367387194e-16      -5.559685689257e-16       1.544546718940e-16       0.000000000000e+00       0.000000000000e+00       0.000000000000e+00 
  295       2.464546079413e-14       3.167601456501e-16      -5.024528941219e-16       1.530240139410e-16       0.000000000000e+00       0.000000000000e+00       0.000000000000e+00 
  296       2.405633114445e-14       3.158667871197e-16      -4.488055097441e-16       1.515787151567e-16       0.000000000000e+00       0.000000000000e+00       0.000000000000e+00 
  297       2.350085746708e-14       3.148582074713e-16      -3.951100471271e-16       1.501204452269e-16       0.000000000000e+00       0.000000000000e+00       0.000000000000e+00 
  298       2.297866094307e-14       3.137360325898e-16      -3.414522373881e-16       1.486509170809e-16       0.000000000000e+00       0.000000000000e+00       0.000000000000e+00 
  299       2.248933635268e-14       3.125019706823e-16      -2.879199283175e-16       1.471718872364e-16       0.000000000000e+00       0.000000000000e+00       0.000000000000e+00 
  300       2.203245180556e-14       3.111578130587e-16      -2.346031012707e-16       1.456851561446e-16       0.000000000000e+00       0.000000000000e+00       0.000000000000e+00 
  301       2.160754847090e-14       3.097054349125e-16      -1.815938880593e-16       1.441925685356e-16       0.000000000000e+00       0.000000000000e+00       0.000000000000e+00 
  302       2.121414030758e-14       3.081467961011e-16      -1.289865878430e-16       1.426960137630e-16       0.000000000000e+00       0.000000000000e+00       0.000000000000e+00 
  303       2.085171379436e-14       3.064839419264e-16      -7.687768402037e-17       1.411974261494e-16       0.000000000000e+00       0.000000000000e+00       0.000000000000e+00 
  304       2.051972765999e-14       3.047190039154e-16      -2.536586112100e-17       1.396987853314e-16       0.000000000000e+00       0.000000000000e+00       0.000000000000e+00 
  305       2.021761261343e-14       3.028542006011e-16       2.544797830353e-17       1.382021166044e-16       0.000000000000e+00       0.000000000000e+00       0.000000000000e+00 
  306       1.994477107394e-14       3.008918383025e-16       7.546069678802e-17       1.367094912683e-16       0.000000000000e+00       0.000000000000e+00       0.000000000000e+00 
  307       1.970057690131e-14       2.988343119056e-16       1.245669050622e-16       1.352230269719e-16       0.000000000000e+00       0.000000000000e+00       0.000000000000e+00 
  308       1.948437512595e-14       2.966841056438e-16       1.726589451593e-16       1.337448880586e-16       0.000000000000e+00       0.000000000000e+00       0.000000000000e+00 
  309       1.929548167911e-14       2.944437938785e-16       2.196268735247e-16       1.322772859110e-16       0.000000000000e+00       0.000000000000e+00       0.000000000000e+00 
  310       1.913318312299e-14       2.921160418796e-16       2.653584441242e-16       1.308224792964e-16       0.000000000000e+00       0.000000000000e+00       0.000000000000e+00 
  311       1.899673638093e-14       2.897036066063e-16       3.097390915529e-16       1.293827747116e-16       0.000000000000e+00       0.000000000000e+00       0.000000000000e+00 
  312       1.888541497165e-14       2.872092752255e-16       3.526710279842e-16       1.279601958276e-16       0.000000000000e+00       0.000000000000e+00       0.000000000000e+00 
  313       1.879865063654e-14       2.846356759131e-16       3.941315479978e-16       1.265554741627e-16       0.000000000000e+00       0.000000000000e+00       0.000000000000e+00 
  314       1.873589775670e-14       2.819854597992e-16       4.341173960797e-16       1.251690122514e-16       0.000000000000e+00       0.000000000000e+00       0.000000000000e+00 
  315       1.869658722944e-14       2.792613631391e-16       4.726259032523e-16       1.238012102608e-16       0.000000000000e+00       0.000000000000e+00       0.000000000000e+00 
  316       1.868012625565e-14       2.764662080182e-16       5.096549936698e-16       1.224524659295e-16       0.000000000000e+00       0.000000000000e+00       0.000000000000e+00 
  317       1.868589812703e-14       2.736029030550e-16       5.452031912140e-16       1.211231745061e-16       0.000000000000e+00       0.000000000000e+00       0.000000000000e+00 
  318       1.871326201348e-14       2.706744441063e-16       5.792696260901e-16       1.198137286875e-16       0.000000000000e+00       0.000000000000e+00       0.000000000000e+00 
  319       1.876155275032e-14       2.676839149704e-16       6.118540414223e-16       1.185245185576e-16       0.000000000000e+00       0.000000000000e+00       0.000000000000e+00 
  320       1.883008062565e-14       2.646344880916e-16       6.429567998497e-16       1.172559315255e-16       0.000000000000e+00       0.000000000000e+00       0.000000000000e+00 
  321       1.891813116762e-14       2.615294252641e-16       6.725788901215e-16       1.160083522643e-16       0.000000000000e+00       0.000000000000e+00       0.000000000000e+00 
  322       1.902496493175e-14       2.583720783361e-16       7.007219336934e-16       1.147821626493e-16       0.000000000000e+00       0.000000000000e+00       0.000000000000e+00 
  323       1.914981728823e-14       2.551658899140e-16       7.273881913225e-16       1.135777416967e-16       0.000000000000e+00       0.000000000000e+00       0.000000000000e+00 
  324       1.929189820923e-14       2.519143940663e-16       7.525805696637e-16       1.123954655019e-16       0.000000000000e+00       0.000000000000e+00       0.000000000000e+00 
  325       1.945039205618e-14       2.486212170276e-16       7.763026278651e-16       1.112357071782e-16       0.000000000000e+00       0.000000000000e+00       0.000000000000e+00 
  326       1.962445736711e-14       2.452900779029e-16       7.985585841636e-16       1.100988367951e-16       0.000000000000e+00       0.000000000000e+00       0.000000000000e+00 
  327       1.981322664390e-14       2.419247893715e-16       8.193533224808e-16       1.089852213170e-16       0.000000000000e+00       0.000000000000e+00       0.000000000000e+00 
  328       2.001580613964e-14       2.385292583912e-16       8.386923990187e-16       1.078952245411e-16       0.000000000000e+00       0.000000000000e+00       0.000000000000e+00 
  329       2.023127564590e-14       2.351074869021e-16       8.565820488550e-16       1.068292070369e-16       0.000000000000e+00       0.000000000000e+00       0.000000000000e+00 
  330       2.045868828005e-14       2.316635725310e-16       8.730291925393e-16       1.057875260836e-16       0.000000000000e+00       0.000000000000e+00       0.000000000000e+00 
  331       2.069707027255e-14       2.282017092951e-16       8.880414426887e-16       1.047705356093e-16       0.000000000000e+00       0.000000000000e+00       0.000000000000e+00 
  332       2.094542075424e-14       2.247261883066e-16       9.016271105832e-16       1.037785861294e-16       0.000000000000e+00       0.000000000000e+00       0.000000000000e+00 
  333       2.120271154369e-14       2.212413984761e-16       9.137952127617e-16       1.028120246847e-16       0.000000000000e+00       0.000000000000e+00       0.000000000000e+00 
  334       2.146788693446e-14       2.177518272172e-16       9.245554776176e-16       1.018711947803e-16       0.000000000000e+00       0.000000000000e+00       0.000000000000e+00 
  335       2.173986348241e-14       2.142620611503e-16       9.339183519944e-16       1.009564363238e-16       0.000000000000e+00       0.000000000000e+00       0.000000000000e+00 
  336       2.201752979301e-14       2.107767868068e-16       9.418950077816e-16       1.000680855639e-16       0.000000000000e+00       0.000000000000e+00       0.000000000000e+00 
  337       2.229974630867e-14       2.073007913330e-16       9.484973485103e-16       9.920647502910e-17       0.000000000000e+00       0.000000000000e+00       0.000000000000e+00 
  338       2.258534509600e-14       2.038389631943e-16       9.537380159486e-16       9.837193346569e-17       0.000000000000e+00       0.000000000000e+00       0.000000000000e+00 
  339       2.287312963311e-14       2.003962928792e-16       9.576303966980e-16       9.756478577668e-17       0.000000000000e+00       0.000000000000e+00       0.000000000000e+00 
  340       2.316187459696e-14       1.969778736034e-16       9.601886287884e-16       9.678535296005e-17       0.000000000000e+00       0.000000000000e+00       0.000000000000e+00 
  341       2.345032565063e-14       1.935889020140e-16       9.614276082741e-16       9.603395204734e-17       0.000000000000e+00       0.000000000000e+00       0.000000000000e+00 
  342       2.373719923063e-14       1.902346788932e-16       9.613629958297e-16       9.531089604205e-17       0.000000000000e+00       0.000000000000e+00       0.000000000000e+00 
  343       2.402118233419e-14       1.869206098628e-16       9.600112233451e-16       9.461649385821e-17       0.000000000000e+00       0.000000000000e+00       0.000000000000e+00 
  344       2.430093230660e-14       1.836522060878e-16       9.573895005223e-16       9.395105025879e-17       0.000000000000e+00       0.000000000000e+00       0.000000000000e+00 
  345       2.457507662847e-14       1.804350849810e-16       9.535158214698e-16       9.331486579423e-17       0.000000000000e+00       0.000000000000e+00       0.000000000000e+00 
  346       2.484221270306e-14       1.772749709066e-16       9.484089712996e-16       9.270823674090e-17       0.000000000000e+00       0.000000000000e+00       0.000000000000e+00 
  347       2.510090764356e-14       1.741776958845e-16       9.420885327217e-16       9.213145503961e-17       0.000000000000e+00       0.000000000000e+00       0.000000000000e+00 
  348       2.534969806044e-14       1.711492002943e-16       9.345748926407e-16       9.158480823404e-17       0.000000000000e+00       0.000000000000e+00       0.000000000000e+00 
  349       2.558733646544e-14       1.681945853608e-16       9.258903418926e-16       9.106845812370e-17       0.000000000000e+00       0.000000000000e+00       0.000000000000e+00 
  350       2.581354221531e-14       1.653152257302e-16       9.160624113810e-16       9.058207128515e-17       0.000000000000e+00       0.000000000000e+00       0.000000000000e+00 
  351       2.602828134383e-14       1.625115383367e-16       9.051206874327e-16       9.012517308307e-17       0.000000000000e+00       0.000000000000e+00       0.000000000000e+00 
  352       2.623152278906e-14       1.597839195722e-16       8.930957388014e-16       8.969726739106e-17       0.000000000000e+00       0.000000000000e+00       0.000000000000e+00 
  353       2.642323842290e-14       1.571327450592e-16       8.800191243367e-16       8.929783641098e-17       0.000000000000e+00       0.000000000000e+00       0.000000000000e+00 
  354       2.660340308070e-14       1.545583694227e-16       8.659234006544e-16       8.892634049224e-17       0.000000000000e+00       0.000000000000e+00       0.000000000000e+00 
  355       2.677199459084e-14       1.520611260634e-16       8.508421298055e-16       8.858221795119e-17       0.000000000000e+00       0.000000000000e+00       0.000000000000e+00 
  356       2.692899380430e-14       1.496413269297e-16       8.348098869461e-16       8.826488489042e-17       0.000000000000e+00       0.000000000000e+00       0.000000000000e+00 
  357       2.707438462421e-14       1.472992622907e-16       8.178622680069e-16       8.797373501810e-17       0.000000000000e+00       0.000000000000e+00       0.000000000000e+00 
  358       2.720815403550e-14       1.450352005084e-16       8.000358973627e-16       8.770813946729e-17       0.000000000000e+00       0.000000000000e+00       0.000000000000e+00 
  359       2.733029213440e-14       1.428493878105e-16       7.813684355024e-16       8.746744661533e-17       0.000000000000e+00       0.000000000000e+00       0.000000000000e+00 
  360       2.744079215807e-14       1.407420480626e-16       7.618985866981e-16       8.725098190312e-17       0.000000000000e+00       0.000000000000e+00       0.000000000000e+00 
  361       2.753965051416e-14       1.387133825409e-16       7.416661066749e-16       8.705804765446e-17       0.000000000000e+00       0.000000000000e+00       0.000000000000e+00 
  362       2.762686681041e-14       1.367635697051e-16       7.207118102808e-16       8.688792289542e-17       0.000000000000e+00       0.000000000000e+00       0.000000000000e+00 
  363       2.770244388419e-14       1.348927649703e-16       6.990775791555e-16       8.673986317363e-17       0.000000000000e+00       0.000000000000e+00       0.000000000000e+00 
  364       2.776638783212e-14       1.331011004799e-16       6.768063694011e-16       8.661310037762e-17       0.000000000000e+00       0.000000000000e+00       0.000000000000e+00 
  365       2.781870803962e-14       1.313886848782e-16       6.539422192507e-16       8.650684255619e-17       0.000000000000e+00       0.000000000000e+00       0.000000000000e+00 
  366       2.785941721051e-14       1.297556030826e-16       6.305302567385e-16       8.642027373769e-17       0.000000000000e+00       0.000000000000e+00       0.000000000000e+00 
  367       2.788853139656e-14       1.282019160564e-16       6.066167073694e-16       8.635255374940e-17       0.000000000000e+00       0.000000000000e+00       0.000000000000e+00 
  368       2.790607002711e-14       1.267276605816e-16       5.822489017884e-16       8.630281803681e-17       0.000000000000e+00       0.000000000000e+00       0.000000000000e+00 
  369       2.791205593863e-14       1.253328490307e-16       5.574752834505e-16       8.627017748301e-17       0.000000000000e+00       0.000000000000e+00       0.000000000000e+00 
  370       2.790651540427e-14       1.240174691398e-16       5.323454162898e-16       8.625371822800e-17       0.000000000000e+00       0.000000000000e+00       0.000000000000e+00 
  371       2.788947816350e-14       1.227814837812e-16       5.069099923895e-16       8.625250148799e-17       0.000000000000e+00       0.000000000000e+00       0.000000000000e+00 
  372       2.786097745163e-14       1.216248307354e-16       4.812208396516e-16       8.626556337480e-17       0.000000000000e+00       0.000000000000e+00       0.000000000000e+00 
  373       2.782105002942e-14       1.205474224642e-16       4.553309294662e-16       8.629191471512e-17       0.000000000000e+00       0.000000000000e+00       0.000000000000e+00 
  374       2.776973621266e-14       1.195491458828e-16       4.292943843809e-16       8.633054086990e-17       0.000000000000e+00       0.000000000000e+00       0.000000000000e+00 
  375       2.770707990175e-14       1.186298621329e-16       4.031664857712e-16       8.638040155367e-17       0.000000000000e+00       0.000000000000e+00       0.000000000000e+00 
  376       2.763312861124e-14       1.177894063545e-16       3.770036815091e-16       8.644043065383e-17       0.000000000000e+00       0.000000000000e+00       0.000000000000e+00 
  377       2.754793349948e-14       1.170275874590e-16       3.508635936337e-16       8.650953605005e-17       0.000000000000e+00       0.000000000000e+00       0.000000000000e+00 
  378       2.745154939814e-14       1.163441879015e-16       3.248050260197e-16       8.658659943356e-17       0.000000000000e+00       0.000000000000e+00       0.000000000000e+00 
  379       2.734403484180e-14       1.157389634533e-16       2.988879720482e-16       8.667047612648e-17       0.000000000000e+00       0.000000000000e+00       0.000000000000e+00 
  380       2.722545209757e-14       1.152116429749e-16       2.731736222751e-16       8.675999490118e-17       0.000000000000e+00       0.000000000000e+00       0.000000000000e+00 
  381       2.709586719459e-14       1.147619281876e-16       2.477243721018e-16       8.685395779959e-17       0.000000000000e+00       0.000000000000e+00       0.000000000000e+00 
  382       2.695534995371e-14       1.143894934470e-16       2.226038294440e-16       8.695113995256e-17       0.000000000000e+00       0.000000000000e+00       0.000000000000e+00 
  383       2.680397401698e-14       1.140939855151e-16       1.978768224016e-16       8.705028939914e-17       0.000000000000e+00       0.000000000000e+00       0.000000000000e+00 
  384       2.664181687727e-14       1.138750233326e-16       1.736094069283e-16       8.715012690598e-17       0.000000000000e+00       0.000000000000e+00       0.000000000000e+00 
  385       2.646895990786e-14       1.137321977921e-16       1.498688745012e-16       8.724934578661e-17       0.000000000000e+00       0.000000000000e+00       0.000000000000e+00 
  386       2.628548839199e-14       1.136650715098e-16       1.267237597904e-16       8.734661172081e-17       0.000000000000e+00       0.000000000000e+00       0.000000000000e+00 
  387       2.609149155245e-14       1.136731785989e-16       1.042438483286e-16       8.744056257391e-17       0.000000000000e+00       0.000000000000e+00       0.000000000000e+00 
  388       2.588709545637e-14       1.137558102942e-16       8.248855111701e-17       8.753001003430e-17       0.000000000000e+00       0.000000000000e+00       0.000000000000e+00 
  389       2.567256302609e-14       1.139113634531e-16       6.147153339082e-17       8.761455320966e-17       0.000000000000e+00       0.000000000000e+00       0.000000000000e+00 
  390       2.544819782733e-14       1.141379672385e-16       4.119477781760e-17       8.769398762818e-17       0.000000000000e+00       0.000000000000e+00       0.000000000000e+00 
  391       2.521431158728e-14       1.144336946691e-16       2.166009651544e-17       8.776810547280e-17       0.000000000000e+00       0.000000000000e+00       0.000000000000e+00 
  392       2.497122425038e-14       1.147965622220e-16       2.869129473566e-18       8.783669556098e-17       0.000000000000e+00       0.000000000000e+00       0.000000000000e+00 
  393       2.471926403397e-14       1.152245294348e-16      -1.517665702707e-17       8.789954332448e-17       0.000000000000e+00       0.000000000000e+00       0.000000000000e+00 
  394       2.445876748405e-14       1.157154985077e-16      -3.247597199313e-17       8.795643078918e-17       0.000000000000e+00       0.000000000000e+00       0.000000000000e+00 
  395       2.419007953100e-14       1.162673139061e-16      -4.902770129833e-17       8.800713655485e-17       0.000000000000e+00       0.000000000000e+00       0.000000000000e+00 
  396       2.391355354526e-14       1.168777619626e-16      -6.483090926277e-17       8.805143577494e-17       0.000000000000e+00       0.000000000000e+00       0.000000000000e+00 
  397       2.362955139308e-14       1.175445704794e-16      -7.988484023237e-17       8.808910013638e-17       0.000000000000e+00       0.000000000000e+00       0.000000000000e+00 
  398       2.333844349222e-14       1.182654083307e-16      -9.418892015823e-17       8.811989783937e-17       0.000000000000e+00       0.000000000000e+00       0.000000000000e+00 
  399       2.304060886768e-14       1.190378850647e-16      -1.077427581760e-16       8.814359357716e-17       0.000000000000e+00       0.000000000000e+00       0.000000000000e+00 
  400       2.273643520741e-14       1.198595505060e-16      -1.205461481853e-16       8.815994851586e-17       0.000000000000e+00       0.000000000000e+00       0.000000000000e+00 
  401       2.242631891801e-14       1.207278943580e-16      -1.325990704291e-16       8.816872027420e-17       0.000000000000e+00       0.000000000000e+00       0.000000000000e+00 
  402       2.211066518048e-14       1.216403458051e-16      -1.439016930731e-16       8.816966290335e-17       0.000000000000e+00       0.000000000000e+00       0.000000000000e+00 
  403       2.178988800592e-14       1.225942731148e-16      -1.544543737850e-16       8.816252686669e-17       0.000000000000e+00       0.000000000000e+00       0.000000000000e+00 
  404       2.146441029124e-14       1.235869832402e-16      -1.642576613141e-16       8.814705901961e-17       0.000000000000e+00       0.000000000000e+00       0.000000000000e+00 
  405       2.113466387489e-14       1.246157214223e-16      -1.733122970707e-16       8.812300258932e-17       0.000000000000e+00       0.000000000000e+00       0.000000000000e+00 
  406       2.080108959256e-14       1.256776707920e-16      -1.816192167051e-16       8.809009715459e-17       0.000000000000e+00       0.000000000000e+00       0.000000000000e+00 
  407       2.046413733293e-14       1.267699519728e-16      -1.891795516874e-16       8.804807862558e-17       0.000000000000e+00       0.000000000000e+00       0.000000000000e+00 
  408       2.012426609335e-14       1.278896226824e-16      -1.959946308867e-16       8.799667922363e-17       0.000000000000e+00       0.000000000000e+00       0.000000000000e+00 
  409       1.978194403557e-14       1.290336773360e-16      -2.020659821506e-16       8.793562746104e-17       0.000000000000e+00       0.000000000000e+00       0.000000000000e+00 
  410       1.943764854145e-14       1.301990466475e-16      -2.073953338844e-16       8.786464812084e-17       0.000000000000e+00       0.000000000000e+00       0.000000000000e+00 
  411       1.909186626872e-14       1.313825972325e-16      -2.119846166307e-16       8.778346223664e-17       0.000000000000e+00       0.000000000000e+00       0.000000000000e+00 
  412       1.874509320662e-14       1.325811312103e-16      -2.158359646485e-16       8.769178707234e-17       0.000000000000e+00       0.000000000000e+00       0.000000000000e+00 
  413       1.839783473169e-14       1.337913858061e-16      -2.189517174930e-16       8.758933610199e-17       0.000000000000e+00       0.000000000000e+00       0.000000000000e+00 
  414       1.805060566345e-14       1.350100329537e-16      -2.213344215946e-16       8.747581898956e-17       0.000000000000e+00       0.000000000000e+00       0.000000000000e+00 
  415       1.770393032010e-14       1.362336788970e-16      -2.229868318384e-16       8.735094156869e-17       0.000000000000e+00       0.000000000000e+00       0.000000000000e+00 
  416       1.735834257430e-14       1.374588637932e-16      -2.239119131437e-16       8.721440582255e-17       0.000000000000e+00       0.000000000000e+00       0.000000000000e+00 
  417       1.701438590882e-14       1.386820613144e-16      -2.241128420434e-16       8.706590986357e-17       0.000000000000e+00       0.000000000000e+00       0.000000000000e+00 
  418       1.667261347229e-14       1.398996782501e-16      -2.235930082630e-16       8.690514791327e-17       0.000000000000e+00       0.000000000000e+00       0.000000000000e+00 
  419       1.633358813491e-14       1.411080541096e-16      -2.223560163006e-16       8.673181028202e-17       0.000000000000e+00       0.000000000000e+00       0.000000000000e+00 
  420       1.599788254416e-14       1.423034607239e-16      -2.204056870057e-16       8.654558334888e-17       0.000000000000e+00       0.000000000000e+00       0.000000000000e+00 
  421       1.566607918055e-14       1.434821018485e-16      -2.177460591591e-16       8.634614954130e-17       0.000000000000e+00       0.000000000000e+00       0.000000000000e+00 
  422       1.533877041329e-14       1.446401127653e-16      -2.143813910517e-16       8.613318731503e-17       0.000000000000e+00       0.000000000000e+00       0.000000000000e+00 
  423       1.501655855602e-14       1.457735598850e-16      -2.103161620646e-16       8.590637113379e-17       0.000000000000e+00       0.000000000000e+00       0.000000000000e+00 
  424       1.470005592257e-14       1.468784403493e-16      -2.055550742479e-16       8.566537144916e-17       0.000000000000e+00       0.000000000000e+00       0.000000000000e+00 
  425       1.438988488261e-14       1.479506816333e-16      -2.001030539001e-16       8.540985468031e-17       0.000000000000e+00       0.000000000000e+00       0.000000000000e+00 
  426       1.408667791741e-14       1.489861411476e-16      -1.939652531481e-16       8.513948319381e-17       0.000000000000e+00       0.000000000000e+00       0.000000000000e+00 
  427       1.379097024439e-14       1.499812560692e-16      -1.871492508008e-16       8.485402488555e-17       0.000000000000e+00       0.000000000000e+00       0.000000000000e+00 
  428       1.350287355386e-14       1.509350179919e-16      -1.796717341620e-16       8.455368607381e-17       0.000000000000e+00       0.000000000000e+00       0.000000000000e+00 
  429       1.322239128176e-14       1.518470646750e-16      -1.715520476497e-16       8.423878989206e-17       0.000000000000e+00       0.000000000000e+00       0.000000000000e+00 
  430       1.294952502317e-14       1.527170359137e-16      -1.628100170744e-16       8.390966776168e-17       0.000000000000e+00       0.000000000000e+00       0.000000000000e+00 
  431       1.268427451749e-14       1.535445735687e-16      -1.534659526624e-16       8.356665944376e-17       0.000000000000e+00       0.000000000000e+00       0.000000000000e+00 
  432       1.242663763359e-14       1.543293215946e-16      -1.435406520796e-16       8.321011309082e-17       0.000000000000e+00       0.000000000000e+00       0.000000000000e+00 
  433       1.217661035498e-14       1.550709260703e-16      -1.330554034547e-16       8.284038529855e-17       0.000000000000e+00       0.000000000000e+00       0.000000000000e+00 
  434       1.193418676504e-14       1.557690352271e-16      -1.220319884028e-16       8.245784115765e-17       0.000000000000e+00       0.000000000000e+00       0.000000000000e+00 
  435       1.169935903213e-14       1.564232994788e-16      -1.104926850487e-16       8.206285430548e-17       0.000000000000e+00       0.000000000000e+00       0.000000000000e+00 
  436       1.147211739481e-14       1.570333714505e-16      -9.846027105041e-17       8.165580697789e-17       0.000000000000e+00       0.000000000000e+00       0.000000000000e+00 
  437       1.125245014701e-14       1.575989060076e-16      -8.595802662281e-17       8.123709006095e-17       0.000000000000e+00       0.000000000000e+00       0.000000000000e+00 
  438       1.104034362319e-14       1.581195602857e-16      -7.300973756085e-17       8.080710314272e-17       0.000000000000e+00       0.000000000000e+00       0.000000000000e+00 
  439       1.083578218353e-14       1.585949937193e-16      -5.963969826313e-17       8.036625456499e-17       0.000000000000e+00       0.000000000000e+00       0.000000000000e+00 
  440       1.063874819909e-14       1.590248680709e-16      -4.587271475533e-17       7.991496147503e-17       0.000000000000e+00       0.000000000000e+00       0.000000000000e+00 
  441       1.044922203702e-14       1.594088474609e-16      -3.173410771368e-17       7.945364987739e-17       0.000000000000e+00       0.000000000000e+00       0.000000000000e+00 
  442       1.026718204568e-14       1.597465983962e-16      -1.724971548839e-17       7.898275468560e-17       0.000000000000e+00       0.000000000000e+00       0.000000000000e+00 
  443       1.009260453989e-14       1.600377897996e-16      -2.445897127165e-18       7.850271977397e-17       0.000000000000e+00       0.000000000000e+00       0.000000000000e+00 
  444       9.925463786043e-15       1.602820930391e-16       1.265046460140e-17       7.801399802932e-17       0.000000000000e+00       0.000000000000e+00       0.000000000000e+00 
  445       9.765731987303e-15       1.604791819572e-16       2.801196018431e-17       7.751705140277e-17       0.000000000000e+00       0.000000000000e+00       0.000000000000e+00 
  446       9.613379268791e-15       1.606287328998e-16       4.361065034076e-17       7.701235096144e-17       0.000000000000e+00       0.000000000000e+00       0.000000000000e+00 
  447       9.468373662751e-15       1.607304247459e-16       5.941806299863e-17       7.650037694027e-17       0.000000000000e+00       0.000000000000e+00       0.000000000000e+00 
  448       9.330681093728e-15       1.607839389364e-16       7.540519027107e-17       7.598161879373e-17       0.000000000000e+00       0.000000000000e+00       0.000000000000e+00 
  449       9.200265363744e-15       1.607889595033e-16       9.154248543298e-17       7.545657524759e-17       0.000000000000e+00       0.000000000000e+00       0.000000000000e+00 
  450       9.077088137473e-15       1.607451730996e-16       1.077998598976e-16       7.492575435071e-17       0.000000000000e+00       0.000000000000e+00       0.000000000000e+00 
  451       8.961108927422e-15       1.606522690276e-16       1.241466801932e-16       7.438967352673e-17       0.000000000000e+00       0.000000000000e+00       0.000000000000e+00 
  452       8.852285079102e-15       1.605099392687e-16       1.405517649391e-16       7.384885962589e-17       0.000000000000e+00       0.000000000000e+00       0.000000000000e+00 
  453       8.750571756205e-15       1.603178785125e-16       1.569833818230e-16       7.330384897674e-17       0.000000000000e+00       0.000000000000e+00       0.000000000000e+00 
  454       8.655921925784e-15       1.600757841861e-16       1.734092445768e-16       7.275518743794e-17       0.000000000000e+00       0.000000000000e+00       0.000000000000e+00 
  455       8.568286343424e-15       1.597833564831e-16       1.897965099535e-16       7.220343044998e-17       0.000000000000e+00       0.000000000000e+00       0.000000000000e+00 
  456       8.487613538422e-15       1.594402983931e-16       2.061117747039e-16       7.164914308695e-17       0.000000000000e+00       0.000000000000e+00       0.000000000000e+00 
  457       8.413849798962e-15       1.590463157305e-16       2.223210725525e-16       7.109290010829e-17       0.000000000000e+00       0.000000000000e+00       0.000000000000e+00 
  458       8.346939157291e-15       1.586011171644e-16       2.383898711750e-16       7.053528601058e-17       0.000000000000e+00       0.000000000000e+00       0.000000000000e+00 
  459       8.286823374895e-15       1.581044142472e-16       2.542830691737e-16       6.997689507925e-17       0.000000000000e+00       0.000000000000e+00       0.000000000000e+00 
  460       8.233441927675e-15       1.575559214441e-16       2.699649930552e-16       6.941833144035e-17       0.000000000000e+00       0.000000000000e+00       0.000000000000e+00 
  461       8.186731991123e-15       1.569553561622e-16       2.853993942060e-16       6.886020911233e-17       0.000000000000e+00       0.000000000000e+00       0.000000000000e+00 
  462       8.146628425503e-15       1.563024387801e-16       3.005494458698e-16       6.830315205777e-17       0.000000000000e+00       0.000000000000e+00       0.000000000000e+00 
  463       8.113063761017e-15       1.555968926766e-16       3.153777401232e-16       6.774779423516e-17       0.000000000000e+00       0.000000000000e+00       0.000000000000e+00 
  464       8.085968182992e-15       1.548384442601e-16       3.298462848531e-16       6.719477965063e-17       0.000000000000e+00       0.000000000000e+00       0.000000000000e+00 
  465       8.065269517049e-15       1.540268229981e-16       3.439165007328e-16       6.664476240972e-17       0.000000000000e+00       0.000000000000e+00       0.000000000000e+00 
  466       8.050876543818e-15       1.531620515790e-16       3.575555318156e-16       6.609832412115e-17       0.000000000000e+00       0.000000000000e+00       0.000000000000e+00 
  467       8.042628400338e-15       1.522453263013e-16       3.707554001397e-16       6.555572316685e-17       0.000000000000e+00       0.000000000000e+00       0.000000000000e+00 
  468       8.040343570838e-15       1.512781642097e-16       3.835144427788e-16       6.501713771124e-17       0.000000000000e+00       0.000000000000e+00       0.000000000000e+00 
  469       8.043836390548e-15       1.502621156335e-16       3.958310527026e-16       6.448274764830e-17       0.000000000000e+00       0.000000000000e+00       0.000000000000e+00 
  470       8.052917021687e-15       1.491987643758e-16       4.077036792354e-16       6.395273460769e-17       0.000000000000e+00       0.000000000000e+00       0.000000000000e+00 
  471       8.067391429440e-15       1.480897279029e-16       4.191308285134e-16       6.342728196102e-17       0.000000000000e+00       0.000000000000e+00       0.000000000000e+00 
  472       8.087061357950e-15       1.469366575334e-16       4.301110639433e-16       6.290657482794e-17       0.000000000000e+00       0.000000000000e+00       0.000000000000e+00 
  473       8.111724306294e-15       1.457412386275e-16       4.406430066595e-16       6.239080008240e-17       0.000000000000e+00       0.000000000000e+00       0.000000000000e+00 
  474       8.141173504474e-15       1.445051907759e-16       4.507253359829e-16       6.188014635879e-17       0.000000000000e+00       0.000000000000e+00       0.000000000000e+00 
  475       8.175197889397e-15       1.432302679896e-16       4.603567898782e-16       6.137480405812e-17       0.000000000000e+00       0.000000000000e+00       0.000000000000e+00 
  476       8.213582080858e-15       1.419182588883e-16       4.695361654124e-16       6.087496535426e-17       0.000000000000e+00       0.000000000000e+00       0.000000000000e+00 
  477       8.256106357525e-15       1.405709868906e-16       4.782623192122e-16       6.038082420004e-17       0.000000000000e+00       0.000000000000e+00       0.000000000000e+00 
  478       8.302546632925e-15       1.391903104022e-16       4.865341679224e-16       5.989257633349e-17       0.000000000000e+00       0.000000000000e+00       0.000000000000e+00 
  479       8.352674431426e-15       1.377781230059e-16       4.943506886637e-16       5.941041928401e-17       0.000000000000e+00       0.000000000000e+00       0.000000000000e+00 
  480       8.406256864218e-15       1.363363536502e-16       5.017109194907e-16       5.893455237856e-17       0.000000000000e+00       0.000000000000e+00       0.000000000000e+00 
  481       8.463056605303e-15       1.348669668390e-16       5.086139598499e-16       5.846517674782e-17       0.000000000000e+00       0.000000000000e+00       0.000000000000e+00 
  482       8.522831867473e-15       1.333719628207e-16       5.150589710374e-16       5.800249533240e-17       0.000000000000e+00       0.000000000000e+00       0.000000000000e+00 
  483       8.585336378298e-15       1.318533777769e-16       5.210451766572e-16       5.754671288900e-17       0.000000000000e+00       0.000000000000e+00       0.000000000000e+00 
  484       8.650319356108e-15       1.303132840125e-16       5.265718630792e-16       5.709803599661e-17       0.000000000000e+00       0.000000000000e+00       0.000000000000e+00 
  485       8.717525485976e-15       1.287537901441e-16       5.316383798969e-16       5.665667306270e-17       0.000000000000e+00       0.000000000000e+00       0.000000000000e+00 
  486       8.786694895704e-15       1.271770412896e-16       5.362441403852e-16       5.622283432937e-17       0.000000000000e+00       0.000000000000e+00       0.000000000000e+00 
  487       8.857563131805e-15       1.255852192576e-16       5.403886219590e-16       5.579673187958e-17       0.000000000000e+00       0.000000000000e+00       0.000000000000e+00 
  488       8.929861135488e-15       1.239805427360e-16       5.440713666306e-16       5.537857964328e-17       0.000000000000e+00       0.000000000000e+00       0.000000000000e+00 
  489       9.003315218643e-15       1.223652674817e-16       5.472919814679e-16       5.496859340364e-17       0.000000000000e+00       0.000000000000e+00       0.000000000000e+00 
  490       9.077647039819e-15       1.207416865098e-16       5.500501390524e-16       5.456699080322e-17       0.000000000000e+00       0.000000000000e+00       0.000000000000e+00 
  491       9.152573580218e-15       1.191121302824e-16       5.523455779370e-16       5.417399135014e-17       0.000000000000e+00       0.000000000000e+00       0.000000000000e+00 
  492       9.227807119667e-15       1.174789668985e-16       5.541781031040e-16       5.378981642425e-17       0.000000000000e+00       0.000000000000e+00       0.000000000000e+00 
  493       9.303055212614e-15       1.158446022823e-16       5.555475864232e-16       5.341468928338e-17       0.000000000000e+00       0.000000000000e+00       0.000000000000e+00 
  494       9.378020664100e-15       1.142114803734e-16       5.564539671097e-16       5.304883506944e-17       0.000000000000e+00       0.000000000000e+00       0.000000000000e+00 
  495       9.452401505752e-15       1.125820833151e-16       5.568972521821e-16       5.269248081467e-17       0.000000000000e+00       0.000000000000e+00       0.000000000000e+00 
  496       9.525890971763e-15       1.109589316443e-16       5.568775169202e-16       5.234585544776e-17       0.000000000000e+00       0.000000000000e+00       0.000000000000e+00 
  497       9.598177474876e-15       1.093445844803e-16       5.563949053230e-16       5.200918980010e-17       0.000000000000e+00       0.000000000000e+00       0.000000000000e+00 
  498       9.668944582368e-15       1.077416397142e-16       5.554496305668e-16       5.168271661192e-17       0.000000000000e+00       0.000000000000e+00       0.000000000000e+00 
  499       9.737870992033e-15       1.061527341980e-16       5.540419754631e-16       5.136667053848e-17       0.000000000000e+00       0.000000000000e+00       0.000000000000e+00 
  500       9.804630508169e-15       1.045805439339e-16       5.521722929166e-16       5.106128815626e-17       0.000000000000e+00       0.000000000000e+00       0.000000000000e+00 
