# Matter power spectrum P(k) at redshift z=2.34
# for k=1.01561e-05 to 1.05973 h/Mpc,
# number of wavenumbers equal to 605
#    1:k (h/Mpc)              2:P (Mpc/h)^3        
       1.015609368729e-05       4.337717053658e+00 
       2.267738495258e-05       6.913023538417e+00 
       3.524028478471e-05       1.837620991835e+01 
       4.787672937341e-05       2.870087328587e+01 
       6.061915424492e-05       3.839023684151e+01 
       7.350076761246e-05       4.776599895871e+01 
       8.655583200561e-05       5.700083393195e+01 
       9.981995773355e-05       6.619866974442e+01 
       1.133304117652e-04       7.543045225875e+01 
       1.271264456402e-04       8.475038526872e+01 
       1.412496460389e-04       9.420388693403e+01 
       1.557443116070e-04       1.038318444379e+02 
       1.706578595195e-04       1.136730905141e+02 
       1.860412650193e-04       1.237659744128e+02 
       2.019495367172e-04       1.341494297580e+02 
       2.184422296999e-04       1.448637835124e+02 
       2.355839973340e-04       1.559513916235e+02 
       2.534451809383e-04       1.674571984680e+02 
       2.721024340162e-04       1.794292240987e+02 
       2.916393742733e-04       1.919190247429e+02 
       3.121472519096e-04       2.049821042923e+02 
       3.337256163710e-04       2.186783000964e+02 
       3.564829555671e-04       2.330721070778e+02 
       3.805372712503e-04       2.482329364210e+02 
       4.060165416992e-04       2.642352632220e+02 
       4.330590082029e-04       2.811586332964e+02 
       4.618132057437e-04       2.990874734053e+02 
       4.924376420576e-04       3.181106420252e+02 
       5.251000152722e-04       3.383206548707e+02 
       5.599758521444e-04       3.598125139123e+02 
       5.972464514297e-04       3.826820701441e+02 
       6.370960359960e-04       4.070238729676e+02 
       6.797080589132e-04       4.329284891576e+02 
       7.252606772999e-04       4.604793213295e+02 
       7.739215035022e-04       4.897490308718e+02 
       8.258418597443e-04       5.207957449205e+02 
       8.811508844514e-04       5.536593131087e+02 
       9.399499422174e-04       5.883579440524e+02 
       1.002307846501e-03       6.248855814411e+02 
       1.068257389337e-03       6.632103562693e+02 
       1.137793573208e-03       7.032743629124e+02 
       1.210873764755e-03       7.449948639649e+02 
       1.287419768020e-03       7.882668525358e+02 
       1.367321590988e-03       8.329623401327e+02 
       1.450442499057e-03       8.789460685755e+02 
       1.536624845535e-03       9.260721783875e+02 
       1.625696153194e-03       9.741882326949e+02 
       1.717474981267e-03       1.023140947756e+03 
       1.811776222945e-03       1.072779597817e+03 
       1.908415608988e-03       1.122958638582e+03 
       2.007213317364e-03       1.173539591807e+03 
       2.107996689827e-03       1.224392319131e+03 
       2.210602127094e-03       1.275395860601e+03 
       2.314876275387e-03       1.326438941276e+03 
       2.420676633735e-03       1.377420262246e+03 
       2.527871710617e-03       1.428248602314e+03 
       2.636340846821e-03       1.478842703045e+03 
       2.745973804322e-03       1.529130936836e+03 
       2.856670202240e-03       1.579050744167e+03 
       2.968338863079e-03       1.628547915507e+03 
       3.080897116646e-03       1.677575687674e+03 
       3.194270095860e-03       1.726093868526e+03 
       3.308390048127e-03       1.774067990381e+03 
       3.423195677788e-03       1.821468558763e+03 
       3.538631529053e-03       1.868270499268e+03 
       3.654647414380e-03       1.914452674829e+03 
       3.771197890094e-03       1.959997521594e+03 
       3.888241778939e-03       2.004890692634e+03 
       4.005741737808e-03       2.049120735659e+03 
       4.123663868077e-03       2.092678740946e+03 
       4.241977365479e-03       2.135557999994e+03 
       4.360654206250e-03       2.177753633715e+03 
       4.479668866282e-03       2.219262357814e+03 
       4.598998070098e-03       2.260082220228e+03 
       4.718620566630e-03       2.300212450070e+03 
       4.838516929024e-03       2.339653354854e+03 
       4.958669375886e-03       2.378406173935e+03 
       5.079061611659e-03       2.416473047643e+03 
       5.199678684003e-03       2.453856449600e+03 
       5.320506856316e-03       2.490560252976e+03 
       5.441533493690e-03       2.526587895637e+03 
       5.562746960816e-03       2.561943237922e+03 
       5.684136530494e-03       2.596631714848e+03 
       5.805692301572e-03       2.630659032354e+03 
       5.927405125265e-03       2.664031052519e+03 
       6.049266538922e-03       2.696753855694e+03 
       6.171268706438e-03       2.728833693744e+03 
       6.293404364556e-03       2.760276901751e+03 
       6.415666774453e-03       2.791089990856e+03 
       6.538049678017e-03       2.821279548983e+03 
       6.660547258318e-03       2.850852207899e+03 
       6.783154103842e-03       2.879814602210e+03 
       6.905865176074e-03       2.908173363321e+03 
       7.028675780097e-03       2.935935159693e+03 
       7.151581537888e-03       2.963106665656e+03 
       7.274578364038e-03       2.989694448895e+03 
       7.397662443653e-03       3.015705196440e+03 
       7.520830212215e-03       3.041145490682e+03 
       7.644078337212e-03       3.066021894764e+03 
       7.767403701361e-03       3.090340906429e+03 
       7.890803387275e-03       3.114108993680e+03 
       8.014274663425e-03       3.137332541044e+03 
       8.137814971287e-03       3.160017894042e+03 
       8.261421913558e-03       3.182171294342e+03 
       8.385093243330e-03       3.203799039064e+03 
       8.508826854162e-03       3.224907300766e+03 
       8.632620770934e-03       3.245502271948e+03 
       8.756473141440e-03       3.265589983234e+03 
       8.880382228645e-03       3.285176554264e+03 
       9.004346403539e-03       3.304267858991e+03 
       9.128364138552e-03       3.322869944750e+03 
       9.252434001471e-03       3.340988571032e+03 
       9.376554649815e-03       3.358629630568e+03 
       9.500724825646e-03       3.375798815332e+03 
       9.624943350749e-03       3.392501896184e+03 
       9.749209122186e-03       3.408744462322e+03 
       9.873521108169e-03       3.424532201423e+03 
       9.997878344232e-03       3.439870592008e+03 
       1.012227992968e-02       3.454765174138e+03 
       1.024672502432e-02       3.469221320202e+03 
       1.037121284534e-02       3.483244537439e+03 
       1.049574266457e-02       3.496840060696e+03 
       1.062031380573e-02       3.510013325325e+03 
       1.074492564206e-02       3.522769442986e+03 
       1.086957759401e-02       3.535113725180e+03 
       1.099426912708e-02       3.547051369165e+03 
       1.111899974991e-02       3.558587424349e+03 
       1.124376901241e-02       3.569727035504e+03 
       1.136857650402e-02       3.580475185129e+03 
       1.149342185217e-02       3.590836914261e+03 
       1.161830472076e-02       3.600817123523e+03 
       1.174322480880e-02       3.610420771960e+03 
       1.186818184912e-02       3.619652686250e+03 
       1.199317560716e-02       3.628517823734e+03 
       1.211820587988e-02       3.637020823032e+03 
       1.224327249474e-02       3.645166530341e+03 
       1.236837530869e-02       3.652959561171e+03 
       1.249351420734e-02       3.660404655785e+03 
       1.261868910407e-02       3.667506364275e+03 
       1.274389993934e-02       3.674269384630e+03 
       1.286914667990e-02       3.680698145232e+03 
       1.299442931821e-02       3.686797296507e+03 
       1.311974787178e-02       3.692571207973e+03 
       1.324510238263e-02       3.698024401041e+03 
       1.337049291679e-02       3.703161278215e+03 
       1.349591956383e-02       3.707986119644e+03 
       1.362138243640e-02       3.712503382944e+03 
       1.374688166988e-02       3.716717226118e+03 
       1.387241742201e-02       3.720631934028e+03 
       1.399798987254e-02       3.724251758254e+03 
       1.412359922300e-02       3.727580767059e+03 
       1.424924569640e-02       3.730623091799e+03 
       1.437492953702e-02       3.733382840165e+03 
       1.450065101021e-02       3.735864005187e+03 
       1.462641040223e-02       3.738070502618e+03 
       1.475220802008e-02       3.740006320834e+03 
       1.487804419142e-02       3.741675338563e+03 
       1.495380630307e-02       3.742552864226e+03 
       1.500391926443e-02       3.743081325106e+03 
       1.512983360778e-02       3.744228085557e+03 
       1.525578761057e-02       3.745119340778e+03 
       1.538178168229e-02       3.745758813060e+03 
       1.550781625283e-02       3.746150123627e+03 
       1.563389177249e-02       3.746296790805e+03 
       1.576000871201e-02       3.746202394080e+03 
       1.588616756264e-02       3.745870416158e+03 
       1.601236883621e-02       3.745304288930e+03 
       1.613861306520e-02       3.744507423704e+03 
       1.626490080288e-02       3.743483135029e+03 
       1.639123262343e-02       3.742234715994e+03 
       1.651760912209e-02       3.740765435417e+03 
       1.664403091531e-02       3.739078462065e+03 
       1.677049864094e-02       3.737177024383e+03 
       1.689701295844e-02       3.735064178108e+03 
       1.702357454905e-02       3.732743084622e+03 
       1.715018411610e-02       3.730216740790e+03 
       1.727684238519e-02       3.727488178395e+03 
       1.740355010446e-02       3.724560336177e+03 
       1.753030804492e-02       3.721436200775e+03 
       1.765711700069e-02       3.718118629122e+03 
       1.778397778935e-02       3.714610528362e+03 
       1.791089125226e-02       3.710914748765e+03 
       1.803785825490e-02       3.707034111576e+03 
       1.816487968725e-02       3.702971392841e+03 
       1.829195646414e-02       3.698729370983e+03 
       1.841908952570e-02       3.694310818605e+03 
       1.854627983771e-02       3.689718404300e+03 
       1.867352839208e-02       3.684954893887e+03 
       1.880083620728e-02       3.680022942981e+03 
       1.892820432880e-02       3.674925224808e+03 
       1.905563382967e-02       3.669664360324e+03 
       1.918312581089e-02       3.664243043382e+03 
       1.931068140205e-02       3.658663813570e+03 
       1.943830176179e-02       3.652929341503e+03 
       1.956598807838e-02       3.647042194924e+03 
       1.969374157034e-02       3.641004963047e+03 
       1.982156348698e-02       3.634820168657e+03 
       1.994945510906e-02       3.628490426319e+03 
       2.007741774940e-02       3.622018248058e+03 
       2.020545275357e-02       3.615406166485e+03 
       2.033356150058e-02       3.608656736551e+03 
       2.046174540354e-02       3.601772455268e+03 
       2.059000591042e-02       3.594755853430e+03 
       2.071834450483e-02       3.587609379807e+03 
       2.084676270673e-02       3.580335570081e+03 
       2.097526207329e-02       3.572936888945e+03 
       2.110384419969e-02       3.565415752943e+03 
       2.123251071999e-02       3.557774686084e+03 
       2.136126330799e-02       3.550016089163e+03 
       2.149010367814e-02       3.542142415480e+03 
       2.161903358651e-02       3.534156070485e+03 
       2.174805483169e-02       3.526059494285e+03 
       2.187716925587e-02       3.517855037408e+03 
       2.200637874581e-02       3.509545088547e+03 
       2.213568523390e-02       3.501131990365e+03 
       2.226509069929e-02       3.492618095861e+03 
       2.239459716898e-02       3.484005681342e+03 
       2.252420671901e-02       3.475297107942e+03 
       2.265392147564e-02       3.466494597362e+03 
       2.278374361660e-02       3.457600415902e+03 
       2.291367537238e-02       3.448616808583e+03 
       2.304371902750e-02       3.439545914798e+03 
       2.317387692193e-02       3.430389922656e+03 
       2.330415145244e-02       3.421150975610e+03 
       2.343454507408e-02       3.411831181269e+03 
       2.356506030168e-02       3.402432651320e+03 
       2.369569971136e-02       3.392957316541e+03 
       2.382646594214e-02       3.383407287259e+03 
       2.395736169759e-02       3.373784509257e+03 
       2.408838974751e-02       3.364090966245e+03 
       2.421955292973e-02       3.354328494195e+03 
       2.435085415184e-02       3.344498973500e+03 
       2.448229639314e-02       3.334604278206e+03 
       2.461388270652e-02       3.324646217369e+03 
       2.474561622050e-02       3.314626508408e+03 
       2.487750014126e-02       3.304546950799e+03 
       2.500953775479e-02       3.294409197050e+03 
       2.514173242911e-02       3.284214973064e+03 
       2.527408761653e-02       3.273965870745e+03 
       2.540660685603e-02       3.263663523984e+03 
       2.553929377567e-02       3.253309510710e+03 
       2.567215209519e-02       3.242905355068e+03 
       2.580518562854e-02       3.232452647739e+03 
       2.593839828666e-02       3.221952864428e+03 
       2.607179408023e-02       3.211407450413e+03 
       2.620537712263e-02       3.200817905674e+03 
       2.633915163291e-02       3.190185635248e+03 
       2.647312193890e-02       3.179512075850e+03 
       2.660729248050e-02       3.168798571374e+03 
       2.674166781297e-02       3.158046549325e+03 
       2.687625261044e-02       3.147257387373e+03 
       2.701105166950e-02       3.136432348704e+03 
       2.714606991293e-02       3.125572809065e+03 
       2.728131239361e-02       3.114680076652e+03 
       2.741678429852e-02       3.103755469968e+03 
       2.755249095293e-02       3.092800224902e+03 
       2.768843782476e-02       3.081815653437e+03 
       2.782463052906e-02       3.070803006172e+03 
       2.796107483272e-02       3.059763514405e+03 
       2.809777665933e-02       3.048698414117e+03 
       2.823474209428e-02       3.037608968215e+03 
       2.837197738998e-02       3.026496288080e+03 
       2.850948897138e-02       3.015361644049e+03 
       2.864728344168e-02       3.004206219256e+03 
       2.878536758825e-02       2.993031163738e+03 
       2.892374838882e-02       2.981837593134e+03 
       2.906243301795e-02       2.970626655529e+03 
       2.920142885371e-02       2.959399500266e+03 
       2.934074348472e-02       2.948157164678e+03 
       2.948038471743e-02       2.936900763528e+03 
       2.962036058375e-02       2.925631379838e+03 
       2.976067934898e-02       2.914349978720e+03 
       2.990134952014e-02       2.903057608267e+03 
       3.004237985461e-02       2.891755292929e+03 
       3.018377936920e-02       2.880443965954e+03 
       3.032555734960e-02       2.869124536903e+03 
       3.046772336030e-02       2.857797962634e+03 
       3.061028725491e-02       2.846465130581e+03 
       3.075325918702e-02       2.835126885511e+03 
       3.089664962150e-02       2.823784033007e+03 
       3.104046934642e-02       2.812437428040e+03 
       3.118472948544e-02       2.801087790798e+03 
       3.132944151088e-02       2.789735884735e+03 
       3.147461725739e-02       2.778382455209e+03 
       3.162026893630e-02       2.767028088607e+03 
       3.176640915063e-02       2.755673511714e+03 
       3.191305091097e-02       2.744319360071e+03 
       3.206020765205e-02       2.732966144424e+03 
       3.220789325018e-02       2.721614463372e+03 
       3.235612204168e-02       2.710264906130e+03 
       3.250490884211e-02       2.698917876716e+03 
       3.265426896669e-02       2.687573899186e+03 
       3.280421825164e-02       2.676233430063e+03 
       3.295477307682e-02       2.664896872504e+03 
       3.310595038951e-02       2.653564663006e+03 
       3.325776772948e-02       2.642237163158e+03 
       3.341024325557e-02       2.630914691522e+03 
       3.356339577361e-02       2.619597587062e+03 
       3.371724476607e-02       2.608286208993e+03 
       3.387181042330e-02       2.596980789278e+03 
       3.402711367667e-02       2.585681657282e+03 
       3.418317623360e-02       2.574388994520e+03 
       3.434002061471e-02       2.563103075206e+03 
       3.449767019319e-02       2.551824135915e+03 
       3.465614923658e-02       2.540552350307e+03 
       3.481548295111e-02       2.529287872776e+03 
       3.497569752881e-02       2.518030878923e+03 
       3.513682019758e-02       2.506781517679e+03 
       3.529887927454e-02       2.495539865714e+03 
       3.546190422268e-02       2.484306069664e+03 
       3.562592571141e-02       2.473080142775e+03 
       3.579097568096e-02       2.461862133047e+03 
       3.595708741125e-02       2.450652097249e+03 
       3.612429559533e-02       2.439449995427e+03 
       3.629263641800e-02       2.428255729265e+03 
       3.646214763987e-02       2.417069253990e+03 
       3.663286868739e-02       2.405890457646e+03 
       3.680484074939e-02       2.394719121707e+03 
       3.697810688060e-02       2.383555075210e+03 
       3.715271211287e-02       2.372398093350e+03 
       3.732870357475e-02       2.361247810620e+03 
       3.750613062012e-02       2.350103904080e+03 
       3.768504496680e-02       2.338966036583e+03 
       3.786550084600e-02       2.327833668104e+03 
       3.804755516370e-02       2.316706307082e+03 
       3.823126767500e-02       2.305583488891e+03 
       3.841670117287e-02       2.294464525133e+03 
       3.860392169256e-02       2.283348757167e+03 
       3.879299873337e-02       2.272235507261e+03 
       3.898400549951e-02       2.261124001752e+03 
       3.917701916199e-02       2.250013359344e+03 
       3.937212114387e-02       2.238902749647e+03 
       3.956939743131e-02       2.227791262821e+03 
       3.976893891321e-02       2.216677854032e+03 
       3.997084175273e-02       2.205561477446e+03 
       4.017520779420e-02       2.194441049755e+03 
       4.038214500951e-02       2.183315426101e+03 
       4.059176798871e-02       2.172183292538e+03 
       4.080419847992e-02       2.161043358608e+03 
       4.101956598477e-02       2.149894264030e+03 
       4.123800841602e-02       2.138734535663e+03 
       4.145967282546e-02       2.127562532664e+03 
       4.168471621097e-02       2.116376594218e+03 
       4.191330641322e-02       2.105174925821e+03 
       4.214562311400e-02       2.093955611315e+03 
       4.238185895018e-02       2.082716529259e+03 
       4.262222075937e-02       2.071455423720e+03 
       4.286693097609e-02       2.060169844118e+03 
       4.311622920051e-02       2.048857198355e+03 
       4.337037396533e-02       2.037514659239e+03 
       4.362964473116e-02       2.026139136736e+03 
       4.389434414597e-02       2.014727296954e+03 
       4.416480061076e-02       2.003275568016e+03 
       4.444137120141e-02       1.991780062143e+03 
       4.472444500642e-02       1.980236584325e+03 
       4.501444695174e-02       1.968640630847e+03 
       4.531184219818e-02       1.956987289997e+03 
       4.561714121453e-02       1.945271287095e+03 
       4.593090565115e-02       1.933486838254e+03 
       4.625375516550e-02       1.921627659604e+03 
       4.658637538464e-02       1.909686850093e+03 
       4.692952723125e-02       1.897656793813e+03 
       4.728405789221e-02       1.885529024408e+03 
       4.765091377450e-02       1.873294057997e+03 
       4.803115587666e-02       1.860941252028e+03 
       4.842597810951e-02       1.848458494034e+03 
       4.883672923432e-02       1.835832066036e+03 
       4.926493925762e-02       1.823046222347e+03 
       4.971235134032e-02       1.810082810084e+03 
       5.018096055636e-02       1.796920896192e+03 
       5.067306118850e-02       1.783536279057e+03 
       5.119130469214e-02       1.769900386843e+03 
       5.173877100613e-02       1.755979562251e+03 
       5.231905655081e-02       1.741733204839e+03 
       5.293638301060e-02       1.727111978569e+03 
       5.359573178366e-02       1.712054590884e+03 
       5.430300961106e-02       1.696484259886e+03 
       5.506525095736e-02       1.680303668556e+03 
       5.589086133197e-02       1.663388369146e+03 
       5.678990118481e-02       1.645577423490e+03 
       5.777439902363e-02       1.626659578464e+03 
       5.885865925491e-02       1.606353119959e+03 
       6.005948593981e-02       1.584280402990e+03 
       6.139616701591e-02       1.559939172440e+03 
       6.288994949895e-02       1.532672930410e+03 
       6.456261176491e-02       1.501645913543e+03 
       6.643371615448e-02       1.465861282684e+03 
       6.851644668309e-02       1.424271619985e+03 
       7.081285473571e-02       1.375996588589e+03 
       7.331060111935e-02       1.320671481438e+03 
       7.598363022228e-02       1.258775490081e+03 
       7.879733874430e-02       1.191777821919e+03 
       8.171579824876e-02       1.121968199510e+03 
       8.470754057556e-02       1.052062830040e+03 
       8.774817646031e-02       9.847354325667e+02 
       9.082035727162e-02       9.222449289685e+02 
       9.391243777239e-02       8.662116045854e+02 
       9.701689171245e-02       8.175349999950e+02 
       1.001289707985e-01       7.764264479727e+02 
       1.032457241035e-01       7.425047436484e+02 
       1.063653346107e-01       7.149223172410e+02 
       1.094866897512e-01       6.925034173077e+02 
       1.126091105373e-01       6.738786165008e+02 
       1.157321833461e-01       6.576145494359e+02 
       1.188556564183e-01       6.423416082492e+02 
       1.219793765294e-01       6.268703094851e+02 
       1.251032503722e-01       6.102886957873e+02 
       1.282272210540e-01       5.920301603189e+02 
       1.313512538106e-01       5.718972682122e+02 
       1.344753273280e-01       5.500389565113e+02 
       1.375994284723e-01       5.268889199604e+02 
       1.407235490894e-01       5.030739545083e+02 
       1.438476840621e-01       4.793120597273e+02 
       1.469718301290e-01       4.563162236140e+02 
       1.500959851674e-01       4.347134490457e+02 
       1.532201477565e-01       4.149874536039e+02 
       1.563443169117e-01       3.974469872231e+02 
       1.594684919222e-01       3.822162421929e+02 
       1.625926722518e-01       3.692448184210e+02 
       1.657168574780e-01       3.583323023629e+02 
       1.688410472541e-01       3.491613416022e+02 
       1.719652412859e-01       3.413362263132e+02 
       1.750894393167e-01       3.344238616986e+02 
       1.782136411182e-01       3.280236259810e+02 
       1.813378464838e-01       3.217775142942e+02 
       1.844620552250e-01       3.152652524211e+02 
       1.875862671680e-01       3.082538358760e+02 
       1.907104821519e-01       3.006244821103e+02 
       1.938347000273e-01       2.923706860820e+02 
       1.969589206545e-01       2.835834108661e+02 
       2.000831439033e-01       2.744277113987e+02 
       2.032073696514e-01       2.651142347832e+02 
       2.063315977843e-01       2.558697839153e+02 
       2.094558281943e-01       2.469113041423e+02 
       2.125800607804e-01       2.384252990319e+02 
       2.157042954471e-01       2.305535514421e+02 
       2.188285321048e-01       2.233857613122e+02 
       2.219527706687e-01       2.169579582837e+02 
       2.250770110590e-01       2.112553727127e+02 
       2.282012532000e-01       2.062190892092e+02 
       2.313254970205e-01       2.017551260266e+02 
       2.344497424527e-01       1.977449392955e+02 
       2.375739894327e-01       1.940571001835e+02 
       2.406982378998e-01       1.905590234186e+02 
       2.438224877966e-01       1.871279940366e+02 
       2.469467390683e-01       1.836609385703e+02 
       2.500709916632e-01       1.800818389076e+02 
       2.531952455319e-01       1.763460754813e+02 
       2.563195006277e-01       1.724415079063e+02 
       2.594437569059e-01       1.683861865816e+02 
       2.625680143240e-01       1.642230245015e+02 
       2.656922728416e-01       1.600124942688e+02 
       2.688165324202e-01       1.558241478177e+02 
       2.719407930229e-01       1.517281403282e+02 
       2.750650546147e-01       1.477879039459e+02 
       2.781893171621e-01       1.440542582817e+02 
       2.813135806331e-01       1.405617030047e+02 
       2.844378449970e-01       1.373269010879e+02 
       2.875621102246e-01       1.343489127983e+02 
       2.906863762878e-01       1.316112306635e+02 
       2.938106431600e-01       1.290848304866e+02 
       2.969349108154e-01       1.267321019624e+02 
       3.000591792295e-01       1.245108649735e+02 
       3.031834483786e-01       1.223785173369e+02 
       3.063077182402e-01       1.202955903467e+02 
       3.094319887925e-01       1.182287277756e+02 
       3.125562600148e-01       1.161527735199e+02 
       3.156805318871e-01       1.140520169608e+02 
       3.188048043901e-01       1.119202659628e+02 
       3.219290775054e-01       1.097603596228e+02 
       3.250533512153e-01       1.075826353561e+02 
       3.281776255027e-01       1.054030374740e+02 
       3.313019003512e-01       1.032409303326e+02 
       3.344261757450e-01       1.011166955040e+02 
       3.375504516688e-01       9.904963892786e+01 
       3.406747281081e-01       9.705617254124e+01 
       3.437990050488e-01       9.514840599147e+01 
       3.469232824771e-01       9.333338642021e+01 
       3.500475603800e-01       9.161286500699e+01 
       3.531718387449e-01       8.998351558830e+01 
       3.562961175595e-01       8.843771842223e+01 
       3.594203968121e-01       8.696464831882e+01 
       3.625446764912e-01       8.555150250006e+01 
       3.656689565860e-01       8.418482807838e+01 
       3.687932370858e-01       8.285180078354e+01 
       3.719175179803e-01       8.154125726708e+01 
       3.750417992596e-01       8.024443186899e+01 
       3.781660809143e-01       7.895540469956e+01 
       3.812903629349e-01       7.767117952046e+01 
       3.844146453126e-01       7.639149431588e+01 
       3.875389280387e-01       7.511839495821e+01 
       3.906632111047e-01       7.385563421300e+01 
       3.937874945026e-01       7.260800138633e+01 
       3.969117782245e-01       7.138070642381e+01 
       4.000360622628e-01       7.017877358194e+01 
       4.031603466100e-01       6.900658620056e+01 
       4.062846312591e-01       6.786756307935e+01 
       4.094089162031e-01       6.676393643637e+01 
       4.125332014353e-01       6.569669047900e+01 
       4.156574869491e-01       6.466561036762e+01 
       4.187817727382e-01       6.366937137128e+01 
       4.219060587965e-01       6.270574102407e+01 
       4.250303451181e-01       6.177179852327e+01 
       4.281546316971e-01       6.086417578719e+01 
       4.312789185279e-01       5.997930598408e+01 
       4.344032056051e-01       5.911368922556e+01 
       4.375274929233e-01       5.826409684450e+01 
       4.406517804775e-01       5.742777779547e+01 
       4.437760682626e-01       5.660261371538e+01 
       4.469003562738e-01       5.578719010819e+01 
       4.500246445064e-01       5.498084587276e+01 
       4.531489329556e-01       5.418363592841e+01 
       4.562732216172e-01       5.339622965403e+01 
       4.593975104867e-01       5.261977963674e+01 
       4.625217995600e-01       5.185574423460e+01 
       4.656460888328e-01       5.110568722663e+01 
       4.687703783012e-01       5.037109542646e+01 
       4.718946679613e-01       4.965320317116e+01 
       4.750189578093e-01       4.895285496936e+01 
       4.781432478415e-01       4.827042726392e+01 
       4.812675380543e-01       4.760579632889e+01 
       4.843918284442e-01       4.695836005039e+01 
       4.875161190078e-01       4.632711517717e+01 
       4.906404097418e-01       4.571076807204e+01 
       4.937647006428e-01       4.510786026160e+01 
       4.968889917079e-01       4.451691308931e+01 
       5.000132829337e-01       4.393655162535e+01 
       5.031375743175e-01       4.336559498746e+01 
       5.062618658561e-01       4.280314050391e+01 
       5.093861575469e-01       4.224858923923e+01 
       5.125104493869e-01       4.170163352880e+01 
       5.156347413735e-01       4.116223694514e+01 
       5.187590335039e-01       4.063057148676e+01 
       5.218833257757e-01       4.010693746976e+01 
       5.250076181863e-01       3.959170467240e+01 
       5.281319107332e-01       3.908524079598e+01 
       5.312562034139e-01       3.858785451527e+01 
       5.343804962263e-01       3.809976571326e+01 
       5.375047891678e-01       3.762107983951e+01 
       5.406290822364e-01       3.715177593198e+01 
       5.437533754297e-01       3.669172716172e+01 
       5.468776687457e-01       3.624070920344e+01 
       5.500019621823e-01       3.579842111684e+01 
       5.531262557374e-01       3.536451359687e+01 
       5.562505494089e-01       3.493859920688e+01 
       5.593748431951e-01       3.452027105388e+01 
       5.624991370938e-01       3.410912739679e+01 
       5.656234311034e-01       3.370478769985e+01 
       5.687477252218e-01       3.330690544183e+01 
       5.718720194474e-01       3.291518198273e+01 
       5.749963137784e-01       3.252936243600e+01 
       5.781206082131e-01       3.214925361825e+01 
       5.812449027498e-01       3.177472611192e+01 
       5.843691973868e-01       3.140571111037e+01 
       5.874934921226e-01       3.104218399081e+01 
       5.906177869556e-01       3.068415622496e+01 
       5.937420818842e-01       3.033166515397e+01 
       5.968663769070e-01       2.998475903935e+01 
       5.999906720224e-01       2.964347418097e+01 
       6.031149672291e-01       2.930781463016e+01 
       6.062392625256e-01       2.897775107732e+01 
       6.093635579104e-01       2.865322770806e+01 
       6.124878533824e-01       2.833413902840e+01 
       6.156121489401e-01       2.802033765444e+01 
       6.187364445822e-01       2.771166379132e+01 
       6.218607403075e-01       2.740794343844e+01 
       6.249850361147e-01       2.710898709813e+01 
       6.281093320026e-01       2.681461389995e+01 
       6.312336279700e-01       2.652466305280e+01 
       6.343579240157e-01       2.623899072348e+01 
       6.374822201385e-01       2.595746483633e+01 
       6.406065163373e-01       2.567998244327e+01 
       6.437308126111e-01       2.540646791852e+01 
       6.468551089587e-01       2.513685022531e+01 
       6.499794053790e-01       2.487107432771e+01 
       6.531037018711e-01       2.460910389449e+01 
       6.562279984338e-01       2.435090185349e+01 
       6.593522950662e-01       2.409642624302e+01 
       6.624765917673e-01       2.384564911300e+01 
       6.656008885361e-01       2.359853772719e+01 
       6.687251853717e-01       2.335504241595e+01 
       6.718494822731e-01       2.311512385633e+01 
       6.749737792394e-01       2.287873236160e+01 
       6.780980762698e-01       2.264579907771e+01 
       6.812223733633e-01       2.241626175388e+01 
       6.843466705190e-01       2.219004920498e+01 
       6.874709677362e-01       2.196707377219e+01 
       6.905952650139e-01       2.174726255417e+01 
       6.937195623514e-01       2.153053531023e+01 
       6.968438597479e-01       2.131680710791e+01 
       6.999681572025e-01       2.110601507012e+01 
       7.030924547145e-01       2.089808846552e+01 
       7.062167522832e-01       2.069296516185e+01 
       7.093410499077e-01       2.049060282124e+01 
       7.124653475873e-01       2.029094900255e+01 
       7.155896453214e-01       2.009396413926e+01 
       7.187139431092e-01       1.989961912915e+01 
       7.218382409499e-01       1.970787051774e+01 
       7.249625388430e-01       1.951869381588e+01 
       7.280868367878e-01       1.933205155130e+01 
       7.312111347835e-01       1.914790410321e+01 
       7.343354328295e-01       1.896622083645e+01 
       8.027294403756e-01       1.552701598531e+01 
       9.018893550874e-01       1.191790086327e+01 
       1.059731154325e+00       8.221903050058e+00 
